2455260.62491 17.964 0.015
2455261.53973 17.981 0.016
2455264.57016 17.975 0.014
2455265.50395 18.018 0.023
2455266.56887 18.039 0.020
2455267.55022 18.096 0.020
2455268.62477 18.109 0.019
2455269.53415 18.193 0.021
2455271.54295 18.397 0.021
2455272.56012 18.200 0.021
2455273.53208 18.227 0.019
2455274.56324 18.112 0.018
2455276.54229 18.058 0.015
2455279.53045 17.997 0.023
2455281.50586 17.963 0.018
2455282.52458 18.008 0.016
2455283.54067 18.068 0.028
2455284.54401 18.145 0.021
2455285.54561 18.210 0.030
2455287.53885 18.499 0.032
2455289.51512 18.435 0.028
2455292.55580 18.063 0.019
2455294.53859 17.991 0.018
2455297.50678 17.954 0.018
2455299.50424 18.015 0.018
2455307.49382 18.166 0.020
2455310.48457 17.952 0.024
2455315.48324 17.969 0.021
2455323.46903 18.383 0.027
2455325.46270 18.179 0.037
2455327.46258 17.998 0.019
2455335.45725 18.169 0.025
2455338.46375 18.375 0.041
2455342.47160 18.131 0.035
2455343.48117 18.087 0.033
2455429.93287 17.951 0.025
2455430.88467 17.991 0.021
2455439.89410 18.383 0.026
2455444.87622 18.016 0.016
2455449.88091 17.999 0.015
2455451.88996 18.078 0.021
2455454.87567 18.510 0.021
2455456.90135 18.504 0.019
2455457.88371 18.307 0.016
2455461.89599 18.017 0.015
2455463.86103 17.984 0.016
2455467.83499 18.022 0.016
2455468.80899 18.061 0.017
2455470.78142 18.206 0.017
2455471.83168 18.308 0.017
2455476.78736 18.110 0.013
2455478.77611 17.985 0.013
2455480.78979 17.939 0.014
2455482.76602 17.965 0.015
2455483.76399 18.013 0.019
2455484.87347 18.053 0.014
2455486.77249 18.186 0.019
2455487.85147 18.358 0.016
2455488.84537 18.478 0.018
2455490.71162 18.516 0.027
2455491.73193 18.288 0.021
2455492.76544 18.152 0.018
2455493.78777 18.144 0.020
2455494.83250 18.042 0.018
2455495.78964 17.990 0.016
2455496.78744 17.939 0.020
2455497.81763 17.940 0.017
2455499.72462 17.938 0.015
2455502.79478 18.078 0.014
2455503.75002 18.119 0.015
2455505.71969 18.338 0.023
2455506.73715 18.390 0.016
2455507.75528 18.184 0.013
2455509.66370 18.107 0.016
2455510.71961 18.083 0.016
2455511.69578 18.024 0.016
2455512.73885 18.000 0.014
2455513.70912 17.968 0.014
2455514.74166 17.964 0.013
2455515.65893 17.930 0.017
2455516.74449 17.956 0.013
2455517.65759 18.031 0.018
2455517.85853 18.040 0.016
2455518.75399 18.108 0.024
2455519.67752 18.114 0.029
2455521.69727 18.384 0.028
2455522.72241 18.566 0.033
2455523.68710 18.534 0.026
2455524.69555 18.395 0.019
2455525.72862 18.233 0.016
2455526.68067 18.134 0.016
2455527.76141 18.098 0.015
2455528.70243 18.025 0.016
2455529.68276 17.977 0.015
2455530.68997 17.935 0.014
2455531.77315 17.948 0.012
2455532.68126 17.952 0.013
2455533.70460 17.989 0.016
2455534.73617 17.997 0.014
2455535.71295 18.066 0.015
2455536.71561 18.110 0.014
2455539.72586 18.367 0.018
2455540.80998 18.333 0.018
2455541.67618 18.199 0.019
2455542.73457 18.126 0.014
2455543.76609 18.133 0.021
2455544.75361 18.016 0.014
2455545.74288 18.027 0.016
2455546.69255 17.969 0.017
2455547.75233 17.925 0.016
2455548.71230 17.942 0.016
2455549.67684 17.964 0.016
2455550.73226 18.004 0.016
2455551.68278 18.056 0.019
2455553.73582 18.150 0.019
2455554.66915 18.286 0.023
2455556.68377 18.550 0.020
2455557.66492 18.500 0.021
2455558.66583 18.342 0.019
2455559.65601 18.213 0.023
2455560.64769 18.105 0.015
2455561.68126 18.035 0.017
2455562.70082 17.987 0.015
2455563.63480 17.934 0.016
2455565.66608 17.949 0.015
2455566.69337 17.940 0.013
2455568.71367 18.051 0.017
2455569.70822 18.095 0.017
2455570.74695 18.133 0.015
2455571.67880 18.180 0.017
2455572.79522 18.372 0.020
2455575.70028 18.148 0.017
2455576.67448 18.134 0.014
2455577.67605 18.040 0.017
2455578.68281 17.991 0.016
2455579.73317 17.941 0.019
2455580.67685 17.956 0.013
2455581.67931 17.942 0.017
2455582.68711 17.962 0.016
2455583.69389 17.962 0.013
2455584.67991 17.986 0.015
2455585.67977 18.014 0.016
2455586.64352 18.118 0.018
2455587.62564 18.218 0.017
2455589.63566 18.508 0.019
2455591.67301 18.460 0.016
2455592.65525 18.258 0.014
2455593.63821 18.121 0.015
2455594.65440 18.087 0.015
2455595.63304 17.992 0.014
2455596.69624 17.969 0.012
2455597.61367 17.972 0.015
2455598.67781 17.936 0.013
2455599.64362 17.957 0.015
2455600.67636 18.013 0.013
2455601.65597 18.015 0.013
2455602.65469 18.059 0.013
2455603.66345 18.120 0.017
2455604.66059 18.151 0.017
2455605.66569 18.215 0.014
2455606.67704 18.404 0.020
2455607.68847 18.407 0.026
2455608.67534 18.215 0.024
2455609.70705 18.140 0.021
2455611.63762 18.029 0.023
2455612.69014 17.972 0.019
2455613.65164 17.940 0.019
2455614.64527 17.951 0.015
2455615.63907 17.922 0.013
2455616.64781 17.965 0.015
2455619.63830 18.035 0.013
2455620.62366 18.149 0.021
2455622.63295 18.481 0.024
2455623.59586 18.543 0.023
2455624.53695 18.523 0.027
2455625.62860 18.355 0.019
2455626.58970 18.166 0.018
2455627.55442 18.126 0.015
2455629.59466 17.997 0.014
2455630.60609 17.923 0.015
2455632.55419 17.898 0.016
2455633.60320 17.967 0.014
2455634.56361 18.002 0.016
2455635.56792 18.013 0.018
2455638.57253 18.221 0.030
2455639.58277 18.298 0.031
2455640.52177 18.339 0.031
2455641.54943 18.279 0.023
2455642.49769 18.160 0.016
2455643.49546 18.089 0.019
2455644.49821 18.116 0.017
2455645.49692 17.989 0.023
2455646.50995 17.968 0.017
2455647.51189 17.958 0.015
2455648.51178 17.946 0.016
2455649.52733 17.954 0.016
2455650.50776 17.955 0.014
2455651.51370 17.991 0.013
2455652.50863 18.021 0.015
2455653.53872 18.084 0.016
2455654.54726 18.239 0.020
2455655.53842 18.304 0.019
2455656.54731 18.516 0.023
2455657.50726 18.432 0.025
2455659.50654 18.333 0.019
2455660.55195 18.205 0.018
2455664.48614 17.912 0.021
2455665.50138 17.929 0.020
2455666.49818 17.986 0.021
2455667.48037 17.980 0.021
2455668.48590 17.966 0.019
2455669.47991 18.040 0.019
2455670.53141 18.158 0.023
2455671.48176 18.171 0.029
2455672.47624 18.176 0.020
2455674.48474 18.310 0.023
2455675.47761 18.185 0.026
2455676.53252 18.166 0.009
2455677.47433 18.074 0.016
2455678.50854 18.060 0.014
2455679.47620 18.011 0.017
2455680.52427 17.974 0.017
2455681.48730 17.953 0.017
2455682.48839 17.955 0.018
2455683.49291 17.921 0.017
2455684.49699 17.979 0.018
2455685.46954 18.020 0.020
2455686.47043 18.048 0.015
2455687.47117 18.108 0.021
2455691.46412 18.552 0.034
2455692.51198 18.469 0.038
2455694.47720 18.124 0.025
2455695.46467 18.067 0.018
2455696.47357 18.079 0.026
2455697.46347 18.005 0.019
2455699.47301 17.871 0.026
2455700.46460 17.952 0.021
2455702.46149 18.010 0.021
2455706.46037 18.248 0.027
2455783.93814 17.958 0.019
2455795.92766 18.137 0.021
2455803.87297 18.098 0.015
2455805.83745 18.148 0.017
2455806.88844 18.169 0.015
2455809.84970 18.208 0.014
2455810.85281 18.106 0.017
2455812.84560 18.054 0.014
2455814.86242 17.963 0.017
2455815.87406 17.897 0.014
2455817.84879 17.974 0.016
2455818.87790 17.998 0.016
2455819.83185 18.022 0.016
2455820.89930 18.073 0.016
2455822.81951 18.262 0.017
2455823.89439 18.434 0.023
2455824.81635 18.528 0.021
2455825.80461 18.478 0.019
2455826.85307 18.399 0.018
2455827.84706 18.227 0.015
2455828.87328 18.109 0.014
2455829.84667 18.066 0.012
2455830.83822 18.017 0.013
2455831.82988 17.977 0.012
2455832.81933 17.932 0.012
2455833.80366 17.950 0.015
2455834.80459 17.963 0.012
2455835.86450 18.031 0.015
2455836.76848 18.054 0.013
2455837.84985 18.045 0.015
2455839.83198 18.174 0.016
2455840.81496 18.187 0.015
2455841.81196 18.373 0.020
2455842.83014 18.343 0.026
2455843.84562 18.165 0.016
2455845.85988 18.057 0.026
2455846.82110 17.990 0.027
2455850.78492 17.915 0.013
2455851.79400 17.979 0.016
2455852.77772 18.008 0.020
2455853.84746 18.063 0.020
2455854.75277 18.105 0.015
2455855.82249 18.170 0.014
2455856.79406 18.298 0.028
2455857.77839 18.487 0.026
2455858.82827 18.502 0.033
2455859.79680 18.529 0.021
2455860.78185 18.307 0.018
2455861.79085 18.196 0.019
2455863.79278 18.041 0.014
2455864.70136 18.011 0.013
2455865.77092 18.007 0.015
2455866.79505 17.932 0.013
2455867.73395 17.959 0.014
2455868.83543 17.971 0.011
2455869.80093 17.996 0.012
2455870.74072 18.049 0.015
2455871.72681 18.132 0.014
2455872.73616 18.117 0.014
2455873.73138 18.185 0.019
2455874.76495 18.287 0.024
2455875.70089 18.342 0.024
2455878.73832 18.142 0.027
2455879.68591 18.121 0.023
2455880.73736 18.088 0.017
2455880.78837 17.980 0.019
2455881.72396 17.978 0.014
2455882.75472 17.961 0.014
2455883.75869 17.915 0.016
2455885.68996 17.946 0.021
2455886.72604 17.978 0.020
2455887.79840 18.077 0.013
2455888.78706 18.097 0.017
2455889.82926 18.257 0.020
2455890.76280 18.413 0.018
2455891.72144 18.481 0.024
2455892.73920 18.461 0.023
2455893.75732 18.419 0.019
2455894.78074 18.267 0.016
2455895.79786 18.152 0.017
2455896.78090 18.100 0.015
2455897.72773 18.026 0.013
2455898.70991 17.990 0.014
2455899.76908 17.950 0.015
2455900.71871 17.959 0.014
2455901.76801 17.969 0.017
2455902.71925 18.022 0.021
2455903.77443 18.012 0.016
2455904.74903 18.102 0.017
2455905.72309 18.089 0.018
2455906.73498 18.181 0.020
2455907.71134 18.172 0.019
2455908.73829 18.316 0.025
2455909.78288 18.400 0.024
2455910.69564 18.198 0.018
2455911.72749 18.112 0.015
2455912.74797 18.131 0.015
2455913.71990 18.065 0.014
2455914.74255 18.010 0.012
2455915.69956 17.971 0.012
2455916.75344 17.969 0.012
2455917.71708 17.954 0.013
2455922.73411 18.180 0.013
2455923.71034 18.299 0.014
2455924.69164 18.467 0.019
2455925.70569 18.570 0.026
2455926.71748 18.549 0.020
2455927.71648 18.358 0.019
2455929.69065 18.140 0.017
2455930.83580 18.090 0.014
2455931.65622 18.000 0.017
2455932.65364 17.986 0.015
2455933.70483 17.949 0.017
2455934.70088 17.939 0.014
2455937.67574 18.027 0.014
2455938.67648 18.094 0.016
2455939.72028 18.161 0.017
2455940.75620 18.201 0.017
2455941.75615 18.330 0.021
2455942.78050 18.357 0.017
2455943.73800 18.272 0.018
2455944.73123 18.181 0.014
2455945.71154 18.128 0.013
2455946.65138 18.076 0.014
2455946.76774 18.100 0.016
2455947.71832 18.056 0.016
2455948.70714 17.994 0.014
2455949.72333 17.948 0.015
2455950.64432 17.947 0.013
2455951.66966 17.920 0.014
2455952.69429 17.946 0.012
2455953.69222 17.979 0.015
2455954.68977 18.045 0.011
2455955.71237 18.126 0.016
2455956.71244 18.213 0.014
2455958.72961 18.544 0.018
2455959.70160 18.483 0.019
2455960.70365 18.481 0.020
2455961.63538 18.307 0.016
2455962.63629 18.154 0.024
2455963.60300 18.157 0.026
2455964.61499 18.022 0.018
2455965.61392 18.009 0.016
2455967.63604 17.934 0.018
2455968.63613 17.944 0.015
2455969.61216 17.941 0.013
2455970.58966 18.035 0.013
2455971.68255 18.034 0.013
2455972.66895 18.103 0.013
2455973.65198 18.120 0.012
2455974.60704 18.203 0.020
2455976.64120 18.377 0.020
2455977.67474 18.237 0.018
2455978.65061 18.125 0.014
2455979.60137 18.100 0.016
2455980.61702 18.056 0.016
2455981.64049 17.971 0.014
2455982.64636 17.964 0.014
2455983.68905 17.957 0.012
2455984.62807 17.938 0.013
2455985.66041 17.928 0.014
2455986.59017 17.988 0.013
2455987.66564 18.005 0.015
2455988.63212 18.085 0.017
2455989.59608 18.168 0.016
2455990.58957 18.314 0.028
2455991.66461 18.467 0.030
2455992.62484 18.481 0.024
2455993.58174 18.523 0.025
2455994.58041 18.418 0.027
2455995.62811 18.254 0.025
2455996.59819 18.093 0.025
2455997.60036 18.112 0.020
2455998.59871 17.993 0.014
2455998.65912 17.975 0.016
2455999.63742 17.956 0.013
2456000.61481 17.958 0.014
2456002.57853 17.949 0.014
2456003.54463 18.000 0.018
2456004.58342 18.023 0.015
2456005.57089 18.034 0.016
2456006.57205 18.089 0.015
2456007.57038 18.176 0.015
2456008.57822 18.227 0.015
2456009.54601 18.398 0.026
2456010.59804 18.324 0.024
2456011.56033 18.210 0.017
2456012.55942 18.188 0.020
2456013.54114 18.133 0.017
2456014.56012 18.020 0.015
2456015.55549 17.985 0.015
2456016.59611 17.979 0.013
2456017.55928 17.962 0.015
2456018.51465 17.935 0.017
2456019.56127 17.950 0.016
2456020.58489 17.989 0.016
2456021.57297 18.025 0.018
2456022.58397 18.045 0.020
2456023.55852 18.143 0.018
2456024.58135 18.328 0.026
2456025.58138 18.376 0.031
2456026.52766 18.590 0.032
2456028.56440 18.342 0.025
2456032.50230 17.952 0.021
2456033.48986 17.964 0.023
2456034.49547 17.988 0.017
2456035.52086 17.958 0.016
2456036.49769 17.938 0.016
2456037.49738 18.081 0.025
2456038.48912 18.011 0.023
2456039.49578 18.112 0.023
2456040.49807 18.102 0.020
2456042.49571 18.382 0.030
2456047.47276 18.059 0.023
2456048.47149 18.033 0.021
2456049.49478 17.970 0.015
2456050.47038 17.947 0.020
2456052.48603 17.937 0.017
2456053.48267 17.983 0.019
2456055.49170 18.044 0.019
2456056.47869 18.111 0.019
2456057.47457 18.181 0.018
2456058.47506 18.341 0.019
2456059.47588 18.509 0.027
2456060.47866 18.557 0.026
2456061.46977 18.464 0.030
2456062.46382 18.313 0.027
2456123.91316 18.164 0.016
2456137.91108 17.976 0.017
2456149.93468 18.006 0.023
2456171.87675 17.993 0.014
2456179.90273 18.140 0.021
2456181.86950 18.052 0.013
2456182.87405 18.014 0.012
2456183.87574 18.007 0.012
2456184.90229 17.977 0.011
2456185.85200 17.918 0.011
2456186.85350 17.955 0.016
2456191.87906 18.238 0.014
2456193.86635 18.520 0.018
2456194.88332 18.523 0.018
2456196.87085 18.287 0.016
2456202.82730 17.910 0.018
2456204.86239 17.951 0.012
2456207.87316 18.096 0.018
2456208.78735 18.136 0.015
2456210.87186 18.398 0.023
2456212.82463 18.212 0.017
2456214.87582 18.141 0.023
2456216.82249 18.005 0.012
2456219.80747 17.946 0.015
2456221.82076 17.984 0.016
2456222.82166 18.044 0.017
2456223.77872 18.097 0.016
2456224.84332 18.141 0.014
2456226.73869 18.437 0.025
2456229.78328 18.448 0.025
2456230.72508 18.187 0.029
2456231.74991 18.080 0.017
2456232.81587 18.054 0.015
2456233.82241 17.959 0.013
2456234.82625 17.977 0.012
2456235.77365 17.957 0.013
2456236.79123 17.935 0.012
2456237.86724 17.948 0.016
2456238.82496 17.965 0.013
2456239.79897 18.022 0.013
2456240.84224 18.079 0.017
2456241.79590 18.097 0.015
2456242.83884 18.161 0.014
2456243.80720 18.317 0.016
2456244.74065 18.363 0.016
2456245.76450 18.280 0.016
2456248.78120 18.064 0.013
2456251.77181 17.955 0.012
2456254.78168 17.969 0.012
2456257.80951 18.105 0.020
2456262.73382 18.492 0.021
2456265.80539 18.062 0.014
2456270.82177 17.968 0.011
2456274.81338 18.083 0.014
2456278.76046 18.339 0.023
2456282.78331 18.024 0.014
2456286.71656 17.951 0.013
2456289.78588 18.044 0.016
2456294.80593 18.555 0.024
2456299.76433 18.021 0.015
2456306.70654 18.049 0.016
2456312.67886 18.377 0.019
2456317.68999 17.987 0.015
2456323.66324 18.037 0.012
2456329.62245 18.469 0.029
2456333.61283 18.064 0.016
2456340.62546 18.067 0.012
2456343.56926 18.235 0.018
2456347.59555 18.129 0.017
2456348.59256 18.116 0.019
2456350.63475 17.963 0.018
2456351.60295 17.984 0.015
2456352.61090 17.961 0.013
2456353.62275 17.948 0.013
2456354.58716 17.935 0.012
2456355.57536 17.977 0.013
2456356.61301 18.009 0.014
2456356.66086 18.002 0.013
2456357.63869 18.065 0.016
2456358.53617 18.062 0.017
2456363.53043 18.390 0.024
2456371.55484 17.920 0.015
2456378.53818 18.404 0.024
2456387.52832 17.943 0.014
2456396.53423 18.596 0.023
2456404.51943 17.964 0.017
2456414.46942 18.143 0.024
2456416.47971 18.128 0.018
2456416.49548 18.145 0.018
2456520.88760 17.979 0.013
2456531.89870 18.327 0.018
2456547.86417 18.285 0.018
2456561.83222 18.307 0.018
2456571.83896 17.925 0.011
2456577.87950 18.138 0.013
2456583.78566 18.128 0.018
2456608.82589 17.987 0.012
2456612.76209 18.215 0.017
2456616.72393 18.140 0.016
2456622.77790 17.966 0.013
2456628.80484 18.296 0.016
2456638.73088 18.003 0.012
2456645.72881 18.181 0.017
2456649.73573 18.149 0.015
2456654.75585 17.964 0.012
2456658.76826 18.011 0.010
2456662.73434 18.356 0.018
2456667.79450 18.055 0.016
2456672.76921 17.933 0.018
2456680.76346 18.387 0.017
2456690.64610 17.920 0.012
2456697.70678 18.489 0.017
2456705.67002 17.971 0.017
2456712.63938 18.173 0.014
2456720.67883 17.973 0.014
2456736.60939 18.021 0.021
2456871.91898 17.970 0.016
2456887.91689 18.011 0.014
2456896.88765 18.223 0.023
2456907.86975 17.933 0.016
2456926.79944 18.018 0.014
2456932.80810 18.507 0.023
2456938.79352 18.022 0.019
2456942.79099 17.952 0.015
2456950.84178 18.210 0.015
2456956.84460 17.980 0.015
2456961.83919 18.039 0.016
2456967.71060 18.478 0.039
2456973.71607 17.988 0.016
2456980.75299 18.152 0.016
2456987.78395 18.114 0.019
2456992.75610 17.932 0.013
2456997.76188 18.252 0.024
2457002.70567 18.223 0.019
2457007.71698 17.965 0.016
2457013.67037 18.137 0.017
2457016.77589 18.401 0.017
2457020.77584 18.088 0.018
2457024.75595 17.959 0.016
2457028.70911 18.041 0.017
2457033.76318 18.490 0.021
2457037.73673 18.091 0.014
2457042.73430 17.951 0.011
2457046.73551 18.112 0.015
2457051.72605 18.229 0.015
2457056.66647 18.009 0.019
2457062.65818 18.060 0.016
2457069.65434 18.250 0.018
2457074.66551 17.971 0.016
2457080.58184 18.121 0.016
2457083.60857 18.375 0.020
2457086.61671 18.133 0.020
2457091.59756 17.948 0.014
2457103.56536 18.181 0.014
2457112.57794 18.100 0.020
2457115.57248 18.208 0.023
2457119.53259 18.138 0.023
2457126.52157 17.976 0.014
2457131.52613 18.222 0.021
2457134.49641 18.540 0.036
2457137.52631 18.186 0.019
2457143.49077 17.958 0.023
2457277.89812 17.956 0.017
2457287.89821 18.174 0.023
2457292.83079 17.958 0.023
2457294.79344 17.938 0.016
2457297.79270 18.098 0.021
2457304.87121 18.279 0.020
2457312.78949 18.019 0.016
2457319.76811 18.289 0.031
2457322.74086 18.081 0.026
2457327.84478 17.950 0.018
2457339.75486 18.132 0.014
2457345.71336 17.961 0.016
2457354.79020 18.181 0.018
2457361.81303 17.954 0.014
2457366.68559 18.192 0.018
2457373.83889 18.067 0.015
2457377.81080 17.912 0.013
2457382.70903 18.119 0.021
2457385.72245 18.384 0.020
2457390.74364 18.043 0.013
2457399.74888 18.197 0.021
2457404.73848 18.371 0.019
2457408.71160 17.973 0.015
2457410.71298 17.955 0.020
2457413.67574 18.001 0.019
2457416.68260 18.093 0.016
2457424.62501 18.060 0.013
2457427.65634 17.958 0.013
2457431.65044 18.043 0.013
2457435.64437 18.448 0.020
2457439.65057 18.172 0.019
2457443.62217 17.946 0.013
2457449.62790 18.117 0.019
2457453.60236 18.342 0.015
2457462.61686 17.927 0.012
2457466.56452 18.135 0.020
2457472.57132 18.213 0.025
2457476.52701 17.960 0.013
2457488.48085 18.205 0.019
2457499.50403 18.046 0.018
2457507.47626 18.091 0.017
2457637.89406 18.554 0.024
2457645.85175 17.944 0.016
2457651.85962 18.142 0.017
2457655.84450 18.208 0.016
2457659.88919 18.026 0.015
2457663.83190 17.920 0.012
2457667.86843 18.120 0.015
2457673.81096 18.251 0.016
2457684.83010 18.131 0.021
2457691.77528 18.081 0.013
2457700.77773 18.081 0.021
2457705.74398 18.429 0.028
2457709.70407 18.079 0.015
2457713.79724 17.990 0.016
2457719.76000 18.195 0.015
2457724.71703 18.156 0.019
2457733.79663 18.053 0.016
2457737.71823 18.459 0.023
2457741.79401 18.185 0.018
2457747.76999 17.966 0.015
2457750.74353 18.062 0.017
2457755.70405 18.341 0.024
2457760.70842 18.019 0.014
2457764.76143 17.961 0.018
2457769.72153 18.248 0.020
2457775.72358 18.109 0.016
2457783.61434 18.049 0.014
2457787.69298 18.222 0.015
2457792.58176 18.107 0.016
2457796.60867 17.949 0.015
2457801.62495 18.099 0.017
2457812.57100 17.915 0.020
2457818.52873 18.094 0.015
2457823.54448 18.290 0.029
2457828.51917 17.963 0.016
2457837.50164 18.376 0.025
2457846.48756 17.965 0.023
2457856.50392 18.360 0.029
2457870.47317 18.220 0.021
2458010.86056 18.147 0.024
2458018.88588 18.035 0.014
2458029.87315 18.000 0.014
2458064.81669 17.922 0.016
2458068.85324 18.010 0.013
2458075.72231 18.441 0.023
2458079.86124 18.012 0.023
2458085.83959 18.026 0.018
2458091.68724 18.420 0.034
2458096.75980 18.027 0.015
2458101.68445 17.988 0.014
2458109.71759 18.359 0.017
2458115.76154 17.963 0.012
2458128.68769 18.067 0.012
2458136.67751 18.081 0.015
2458142.67425 18.474 0.021
2458147.63831 17.950 0.017
2458153.61494 18.026 0.012
2458172.57182 18.272 0.023
2458176.56920 18.348 0.025
2458186.57929 18.027 0.016
2458197.51985 17.993 0.014
2458205.53696 18.164 0.024
2458209.53356 18.481 0.025
2458213.52325 17.995 0.019
2458220.53896 18.034 0.015
2458226.51583 18.201 0.025
2458230.51361 18.038 0.017
2458236.47407 18.006 0.018
2458357.85695 18.174 0.017
2458364.88406 18.006 0.013
2458371.81463 18.055 0.016
2458377.86734 18.406 0.028
2458393.84712 18.355 0.018
2458404.76098 17.996 0.015
2458408.79503 18.453 0.021
2458411.75377 18.358 0.023
2458415.73920 18.025 0.021
2458419.73590 17.982 0.018
2458423.74653 18.142 0.016
2458468.85568 17.929 0.015
2458469.78134 17.955 0.014
2458472.77955 18.039 0.015
2458475.69936 18.386 0.024
2458478.74699 18.424 0.023
2458481.72479 18.101 0.015
2458484.75199 17.931 0.014
2458488.74855 18.013 0.014
2458493.71063 18.384 0.023
2458499.74372 18.023 0.018
2458503.74535 17.930 0.020
2458513.74190 18.157 0.017
2458516.74844 17.957 0.014
2458518.58697 17.904 0.011
2458521.57466 18.026 0.013
2458525.64509 18.164 0.013
2458529.59750 18.168 0.015
2458536.65970 17.911 0.013
2458541.52143 18.239 0.020
2458545.57507 18.435 0.018
2458552.52120 17.896 0.016
2458563.54112 18.127 0.019
2458568.53365 17.913 0.012
2458575.49206 18.260 0.021
2458582.49099 18.056 0.016
2458587.49912 17.950 0.018
2458602.47219 17.909 0.013
2458702.92242 17.979 0.015
2458711.91057 18.529 0.034
2458716.88380 18.068 0.014
2458720.90909 17.951 0.018
2458725.86106 18.124 0.019
2458728.85404 18.377 0.017
2458736.86399 17.957 0.017
2458739.85545 18.008 0.021
2458741.84701 18.156 0.024
2458747.87117 18.332 0.025
2458753.86746 17.915 0.016
2458758.86109 18.188 0.018
