2455261.66571 13.973 0.005
2455262.65974 13.988 0.005
2455264.62882 13.969 0.005
2455265.62831 14.027 0.005
2455266.62224 13.957 0.005
2455267.63401 14.002 0.005
2455268.61637 13.986 0.005
2455269.58574 13.982 0.005
2455270.58797 14.028 0.005
2455271.59526 13.961 0.005
2455273.58355 13.970 0.005
2455274.61479 14.014 0.005
2455276.59417 13.952 0.005
2455279.58229 14.027 0.005
2455281.57245 13.969 0.005
2455282.57702 14.008 0.005
2455285.56706 13.976 0.005
2455287.56385 14.001 0.005
2455290.49704 13.957 0.005
2455293.49293 13.973 0.005
2455295.52174 13.943 0.005
2455296.59693 14.026 0.005
2455297.54451 13.969 0.005
2455299.52709 14.013 0.005
2455301.55010 14.020 0.005
2455305.54774 13.968 0.005
2455307.48412 13.961 0.005
2455308.55415 14.044 0.005
2455309.57490 13.972 0.005
2455311.54113 13.991 0.005
2455313.52368 14.036 0.005
2455315.50439 14.003 0.005
2455321.49089 13.959 0.005
2455322.50098 13.999 0.005
2455324.50535 13.953 0.005
2455326.51284 13.963 0.005
2455327.50286 14.031 0.005
2455335.49327 14.002 0.005
2455342.49344 14.032 0.005
2455432.92194 14.015 0.005
2455443.87282 13.962 0.005
2455445.89339 13.989 0.005
2455448.90427 13.938 0.005
2455451.84738 14.000 0.005
2455454.89664 14.016 0.005
2455457.79126 14.000 0.005
2455461.86909 14.041 0.005
2455465.88835 13.969 0.005
2455467.87122 13.950 0.005
2455468.86020 13.991 0.005
2455470.83525 13.981 0.005
2455471.88285 14.017 0.005
2455473.81773 14.005 0.005
2455477.82088 13.949 0.005
2455478.84268 14.012 0.005
2455481.76655 13.985 0.005
2455483.79948 14.005 0.005
2455484.81195 13.957 0.005
2455486.79367 13.969 0.005
2455487.79553 13.976 0.005
2455488.86669 13.986 0.005
2455490.85860 14.030 0.005
2455491.84662 13.953 0.005
2455492.78836 13.997 0.005
2455493.81062 13.979 0.005
2455494.85541 13.980 0.005
2455495.81261 14.009 0.005
2455496.81042 13.943 0.005
2455497.84057 14.009 0.005
2455499.74761 13.992 0.005
2455502.81775 14.007 0.005
2455503.77300 13.964 0.005
2455505.74271 14.004 0.005
2455506.76020 13.960 0.005
2455507.77833 14.003 0.005
2455509.68669 14.026 0.005
2455510.74260 13.964 0.005
2455511.71886 13.974 0.005
2455512.76191 13.994 0.005
2455513.73221 13.959 0.005
2455514.76473 14.020 0.005
2455515.68202 13.955 0.005
2455516.76758 13.992 0.005
2455517.68070 13.989 0.005
2455518.77715 13.991 0.005
2455519.70357 14.040 0.005
2455521.72039 14.022 0.005
2455522.74552 13.971 0.005
2455523.71021 14.005 0.005
2455524.71872 14.006 0.005
2455525.75172 13.948 0.005
2455526.70383 14.026 0.005
2455527.78452 13.959 0.005
2455528.72564 14.028 0.005
2455529.70592 13.994 0.005
2455530.71312 13.970 0.005
2455531.79636 14.008 0.005
2455532.70452 13.962 0.005
2455533.72786 14.039 0.005
2455534.75934 13.970 0.005
2455535.73621 13.984 0.005
2455536.73886 13.997 0.005
2455539.74909 13.957 0.005
2455540.83328 14.013 0.005
2455541.69944 13.983 0.005
2455542.75862 13.987 0.005
2455543.79285 14.015 0.005
2455544.77686 13.948 0.005
2455545.76615 14.010 0.005
2455546.71587 13.966 0.005
2455547.77564 14.010 0.005
2455548.74353 14.004 0.005
2455549.70342 13.951 0.005
2455550.75567 14.018 0.005
2455551.71317 13.962 0.005
2455553.75916 13.979 0.005
2455556.70715 13.959 0.005
2455557.68830 14.032 0.005
2455558.68920 13.964 0.005
2455559.73238 13.987 0.005
2455560.67110 13.998 0.005
2455561.70487 13.970 0.005
2455562.72423 14.029 0.005
2455563.65820 13.953 0.005
2455565.69009 13.984 0.005
2455566.71678 13.993 0.005
2455568.73708 13.938 0.005
2455569.73165 14.010 0.005
2455570.77114 13.953 0.005
2455571.70276 14.002 0.005
2455572.81976 13.986 0.005
2455575.72372 13.959 0.005
2455576.69789 14.023 0.005
2455577.70016 13.979 0.005
2455578.70752 13.956 0.005
2455579.75742 14.006 0.005
2455580.70144 13.957 0.005
2455581.70358 14.036 0.005
2455582.71052 13.962 0.005
2455583.71895 13.993 0.005
2455584.70325 13.999 0.005
2455585.70319 13.970 0.005
2455586.66695 14.029 0.005
2455587.64916 13.935 0.005
2455588.75309 13.999 0.005
2455589.65908 13.974 0.005
2455591.69643 14.023 0.005
2455592.67867 13.957 0.005
2455593.66163 14.016 0.005
2455594.67791 13.965 0.005
2455595.65655 14.014 0.005
2455596.71963 14.005 0.005
2455597.63711 13.955 0.005
2455598.70343 14.026 0.005
2455599.66708 13.958 0.005
2455600.69977 14.033 0.005
2455601.67939 13.976 0.005
2455602.67814 13.976 0.005
2455603.68484 13.998 0.005
2455604.68523 13.963 0.005
2455605.68774 14.034 0.005
2455606.70005 13.971 0.005
2455607.71060 13.997 0.005
2455608.70368 13.989 0.005
2455609.72842 13.984 0.005
2455611.65895 13.950 0.005
2455612.71149 14.018 0.005
2455613.67466 13.976 0.005
2455614.66699 13.997 0.005
2455615.66038 14.018 0.005
2455616.67640 13.947 0.005
2455619.65830 14.007 0.005
2455622.66019 14.012 0.005
2455623.61922 13.955 0.005
2455624.56046 14.025 0.005
2455625.65193 13.988 0.005
2455626.61301 13.969 0.005
2455627.57780 14.012 0.005
2455629.61798 14.027 0.005
2455630.62940 13.951 0.005
2455632.57761 13.988 0.005
2455633.62651 13.968 0.005
2455634.58698 14.029 0.005
2455635.59125 13.956 0.005
2455638.59587 13.980 0.005
2455639.57163 14.014 0.005
2455640.54504 13.934 0.005
2455641.57428 14.007 0.005
2455642.52097 13.963 0.005
2455643.51871 14.000 0.005
2455644.52147 14.003 0.005
2455645.52018 13.951 0.005
2455646.53322 14.010 0.005
2455647.53516 13.953 0.005
2455648.53581 14.015 0.005
2455649.55057 13.978 0.005
2455650.53103 13.967 0.005
2455651.53689 14.010 0.005
2455652.53184 13.967 0.005
2455653.56193 14.039 0.005
2455654.57039 13.964 0.005
2455655.56166 13.988 0.005
2455656.57047 13.995 0.005
2455657.53040 13.972 0.005
2455659.52972 13.955 0.005
2455660.57512 14.015 0.005
2455664.50928 13.957 0.005
2455665.52450 14.008 0.005
2455666.52131 13.968 0.005
2455667.50347 14.013 0.005
2455668.50940 14.005 0.005
2455669.50298 13.958 0.005
2455670.55451 14.022 0.005
2455671.50488 13.958 0.005
2455672.49973 14.026 0.005
2455674.50782 13.969 0.005
2455675.50109 14.005 0.005
2455676.55687 13.959 0.005
2455677.49772 14.031 0.005
2455678.53156 13.958 0.005
2455679.49919 13.986 0.005
2455680.54798 13.987 0.005
2455681.51262 13.968 0.005
2455682.51181 14.032 0.005
2455683.51637 13.947 0.005
2455684.52136 14.002 0.005
2455685.49283 13.970 0.005
2455686.49335 13.986 0.005
2455687.49552 14.015 0.005
2455691.48702 14.009 0.005
2455694.50360 14.005 0.005
2455695.48803 13.958 0.005
2455696.49641 14.020 0.005
2455697.48637 13.985 0.005
2455699.49586 14.004 0.005
2455700.48744 13.960 0.005
2455702.48428 13.958 0.005
2455785.90983 13.990 0.005
2455796.91174 14.008 0.005
2455803.89557 13.954 0.005
2455805.86000 13.949 0.005
2455806.91104 14.024 0.005
2455809.87222 14.008 0.005
2455810.87537 13.972 0.005
2455812.86830 13.942 0.005
2455814.91730 13.972 0.005
2455815.89669 13.992 0.005
2455816.87081 14.013 0.005
2455817.87248 13.950 0.005
2455818.90049 14.018 0.005
2455819.85450 13.972 0.005
2455822.84216 13.951 0.005
2455824.83899 13.960 0.005
2455825.82725 14.031 0.005
2455826.87578 13.977 0.005
2455827.86975 13.967 0.005
2455828.89599 13.999 0.005
2455829.86932 13.963 0.005
2455830.86091 14.030 0.005
2455831.85260 13.957 0.005
2455832.84207 13.987 0.005
2455833.82634 13.989 0.005
2455834.82735 13.978 0.005
2455835.88729 14.026 0.005
2455836.79376 13.965 0.005
2455837.87407 14.001 0.005
2455839.85480 13.989 0.005
2455840.83832 14.018 0.005
2455841.83533 13.948 0.005
2455842.85299 14.018 0.005
2455843.86845 13.971 0.005
2455845.88342 13.994 0.005
2455846.84398 13.956 0.005
2455850.80861 13.982 0.005
2455851.81681 13.973 0.005
2455853.87234 13.964 0.005
2455854.77603 14.032 0.005
2455855.84536 13.968 0.005
2455856.81697 13.986 0.005
2455857.81764 13.981 0.005
2455858.85119 13.969 0.005
2455859.81973 14.027 0.005
2455860.80478 13.947 0.005
2455861.81379 13.999 0.005
2455863.81696 13.995 0.005
2455864.72425 14.015 0.005
2455865.79427 13.948 0.005
2455866.81801 14.005 0.005
2455867.75691 13.964 0.005
2455868.85876 14.023 0.005
2455869.82397 14.007 0.005
2455870.76372 13.955 0.005
2455871.74987 14.024 0.005
2455872.75918 13.952 0.005
2455873.75444 14.030 0.005
2455874.79142 13.975 0.005
2455875.72390 13.976 0.005
2455878.82487 14.039 0.005
2455879.73219 13.970 0.005
2455880.76049 13.988 0.005
2455881.74700 13.990 0.005
2455882.77783 13.971 0.005
2455883.78178 14.021 0.005
2455885.71885 14.000 0.005
2455886.74915 13.979 0.005
2455887.82156 14.006 0.005
2455888.81018 14.012 0.005
2455889.85242 13.941 0.005
2455890.78594 14.021 0.005
2455891.74461 13.967 0.005
2455892.76238 14.015 0.005
2455893.78050 13.994 0.005
2455894.80398 13.969 0.005
2455895.82106 14.009 0.005
2455896.80416 13.961 0.005
2455897.75093 14.030 0.005
2455898.73314 13.981 0.005
2455899.79229 13.973 0.005
2455900.74195 14.007 0.005
2455901.79123 13.963 0.005
2455902.74252 14.049 0.005
2455903.79765 13.959 0.005
2455904.77232 13.997 0.005
2455905.74633 13.987 0.005
2455906.75820 13.974 0.005
2455907.73629 14.031 0.005
2455908.76166 13.955 0.005
2455909.80614 14.005 0.005
2455910.71896 13.979 0.005
2455911.75083 13.996 0.005
2455912.77127 14.017 0.005
2455913.74320 13.946 0.005
2455914.76588 14.010 0.005
2455915.72293 13.959 0.005
2455916.77922 14.018 0.005
2455917.74044 13.995 0.005
2455922.75750 13.971 0.005
2455923.73369 13.971 0.005
2455924.71502 13.996 0.005
2455925.72905 13.954 0.005
2455926.74085 14.021 0.005
2455927.73982 13.957 0.005
2455929.71404 13.999 0.005
2455930.85921 13.988 0.005
2455931.68106 14.030 0.005
2455932.67932 13.938 0.005
2455933.72822 13.999 0.005
2455934.72430 13.963 0.005
2455937.69914 13.964 0.005
2455938.70046 14.016 0.005
2455939.74403 13.955 0.005
2455940.77961 14.020 0.005
2455941.78028 13.986 0.005
2455942.80492 13.961 0.005
2455943.76179 14.011 0.005
2455944.75467 13.952 0.005
2455945.73538 14.027 0.005
2455946.67522 13.973 0.005
2455946.79120 13.962 0.005
2455947.74222 13.978 0.005
2455948.73059 13.989 0.005
2455949.74676 13.963 0.005
2455950.66774 14.035 0.005
2455951.69315 13.957 0.005
2455952.71773 13.986 0.005
2455953.71565 13.984 0.005
2455954.71323 13.978 0.005
2455955.73585 14.024 0.005
2455956.73585 13.941 0.005
2455958.75307 13.950 0.005
2455959.72507 13.988 0.005
2455960.72707 14.004 0.005
2455961.65883 13.942 0.005
2455962.65973 14.024 0.005
2455963.62649 13.964 0.005
2455964.63843 14.007 0.005
2455965.63731 13.982 0.005
2455967.65948 14.004 0.005
2455968.65961 13.963 0.005
2455969.63560 14.032 0.005
2455970.61310 13.984 0.005
2455971.70597 13.970 0.005
2455972.69231 14.001 0.005
2455973.67542 13.957 0.005
2455974.63045 14.034 0.005
2455976.66460 13.993 0.005
2455977.69817 13.986 0.005
2455978.67463 13.974 0.005
2455979.62472 14.020 0.005
2455980.65492 13.940 0.005
2455981.66385 13.992 0.005
2455982.66983 13.951 0.005
2455983.71291 13.994 0.005
2455984.65192 13.995 0.005
2455985.68384 13.940 0.005
2455986.61356 14.001 0.005
2455987.68939 13.949 0.005
2455988.65548 14.013 0.005
2455989.61944 13.995 0.005
2455990.61586 13.942 0.005
2455991.68798 14.018 0.005
2455992.64821 13.952 0.005
2455993.60507 14.032 0.005
2455994.60454 13.968 0.005
2455995.65143 13.973 0.005
2455996.62155 13.993 0.005
2455997.62371 13.962 0.005
2455998.62205 14.028 0.005
2455998.68336 14.026 0.005
2455999.66605 13.959 0.005
2456000.63812 13.993 0.005
2456002.60178 13.975 0.005
2456003.56805 14.033 0.005
2456004.62838 13.943 0.005
2456005.61142 14.011 0.005
2456006.59536 13.968 0.005
2456007.59366 13.992 0.005
2456008.64805 14.006 0.005
2456009.56921 13.947 0.005
2456010.62480 14.009 0.005
2456011.58360 13.958 0.005
2456012.61929 14.018 0.005
2456013.56436 13.989 0.005
2456014.58331 13.955 0.005
2456015.57967 14.020 0.005
2456016.62008 13.965 0.005
2456017.58305 14.038 0.005
2456018.53818 13.980 0.005
2456019.58690 13.967 0.005
2456020.60841 13.999 0.005
2456021.59619 13.962 0.005
2456022.60809 14.038 0.005
2456023.58168 13.951 0.005
2456024.60453 13.999 0.005
2456025.60455 13.980 0.005
2456026.55083 13.974 0.005
2456028.58756 13.950 0.005
2456032.52541 14.020 0.005
2456033.51298 13.948 0.005
2456034.51851 14.012 0.005
2456035.54395 13.955 0.005
2456036.52083 14.009 0.005
2456037.52045 13.987 0.005
2456038.51217 13.959 0.005
2456039.51887 14.010 0.005
2456040.52114 13.958 0.005
2456042.51879 13.977 0.005
2456047.49571 13.960 0.005
2456048.49447 13.985 0.005
2456049.51776 13.982 0.005
2456050.49331 13.976 0.005
2456052.50900 13.953 0.005
2456053.50605 14.008 0.005
2456055.51462 13.993 0.005
2456056.50158 14.010 0.005
2456057.51386 13.949 0.005
2456058.50517 14.015 0.005
2456059.49881 13.962 0.005
2456060.50207 14.028 0.005
2456061.49523 14.012 0.005
2456062.48669 13.962 0.005
2456064.48848 13.955 0.005
2456070.48985 14.031 0.005
2456123.93569 13.981 0.005
2456137.93361 14.019 0.005
2456164.92179 13.959 0.005
2456166.90489 13.993 0.005
2456171.89929 13.976 0.005
2456180.87793 14.023 0.005
2456181.89207 13.945 0.005
2456182.89665 14.003 0.005
2456183.89836 13.969 0.005
2456185.87464 14.009 0.005
2456186.87612 13.949 0.005
2456191.90180 13.965 0.005
2456196.89143 13.982 0.005
2456199.84048 14.040 0.005
2456202.84795 13.990 0.005
2456204.88313 14.028 0.005
2456212.84748 13.962 0.005
2456216.84530 14.011 0.005
2456219.83031 13.970 0.005
2456221.84359 13.997 0.005
2456222.84454 13.961 0.005
2456223.80165 14.029 0.005
2456224.86725 13.949 0.005
2456225.74923 13.988 0.005
2456226.76164 13.984 0.005
2456229.80417 13.952 0.005
2456230.74803 13.994 0.005
2456231.77285 13.976 0.005
2456232.83892 13.999 0.005
2456233.84806 14.014 0.005
2456234.84925 13.951 0.005
2456235.79665 14.019 0.005
2456236.81426 13.966 0.005
2456238.84800 13.990 0.005
2456239.82205 13.965 0.005
2456240.86531 14.003 0.005
2456241.81895 13.961 0.005
2456242.86191 14.034 0.005
2456243.83069 13.965 0.005
2456244.77103 13.965 0.005
2456245.78759 13.998 0.005
2456248.80430 13.962 0.005
2456251.79494 13.982 0.005
2456254.80484 14.005 0.005
2456257.83385 14.003 0.005
2456262.75704 14.003 0.005
2456265.82987 13.957 0.005
2456270.85441 13.971 0.005
2456274.83671 13.974 0.005
2456278.78442 14.015 0.005
2456282.80662 13.946 0.005
2456286.73994 13.986 0.005
2456289.80923 13.956 0.005
2456294.83121 13.974 0.005
2456299.78773 13.982 0.005
2456306.72789 13.939 0.005
2456312.71934 14.015 0.005
2456317.71422 13.992 0.005
2456323.68708 13.976 0.005
2456329.64591 14.016 0.005
2456333.63750 14.014 0.005
2456340.64889 13.968 0.005
2456343.59265 14.040 0.005
2456347.61898 13.983 0.005
2456356.63631 13.957 0.005
2456363.55379 13.967 0.005
2456371.57671 13.983 0.005
2456378.55760 13.951 0.005
2456387.55193 13.971 0.005
2456396.55743 14.021 0.005
2456404.54260 13.958 0.005
2456416.51851 13.954 0.005
2456509.93701 13.970 0.005
2456520.91023 14.030 0.005
2456531.92141 13.949 0.005
2456547.88809 13.985 0.005
2456561.85555 14.011 0.005
2456571.86182 13.973 0.005
2456578.88179 13.992 0.005
2456583.80860 13.983 0.005
2456608.84909 13.966 0.005
2456612.78534 13.964 0.005
2456616.74722 14.037 0.005
2456622.80118 13.946 0.005
2456628.82958 14.001 0.005
2456638.75468 13.993 0.005
2456645.75225 14.006 0.005
2456649.75921 14.008 0.005
2456654.77934 14.027 0.005
2456658.80466 13.970 0.005
2456662.80870 13.988 0.005
2456667.84476 13.972 0.005
2456673.77601 14.004 0.005
2456680.78699 13.967 0.005
2456690.67966 13.997 0.005
2456697.72614 14.012 0.005
2456705.69356 14.011 0.005
2456712.66078 14.038 0.005
2456722.62158 13.999 0.005
2456736.63273 14.015 0.005
2456738.56123 13.996 0.005
2456742.56834 13.948 0.005
2456742.57044 13.951 0.005
2456744.57419 13.973 0.005
2456744.57625 13.971 0.005
2456745.54153 14.007 0.005
2456745.54362 14.003 0.005
2456746.54463 14.008 0.005
2456746.54671 14.009 0.005
2456747.52500 13.951 0.005
2456749.52378 13.969 0.005
2456750.58697 14.024 0.005
2456751.49005 13.990 0.005
2456752.55769 13.955 0.005
2456753.50222 14.012 0.005
2456754.48902 13.955 0.005
2456756.49161 13.983 0.005
2456757.48437 13.970 0.005
2456759.47202 13.966 0.005
2456761.48132 13.958 0.005
2456763.47259 13.972 0.005
2456765.47334 14.011 0.005
2456770.47623 13.998 0.005
2456871.94158 13.956 0.005
2456888.91011 13.969 0.005
2456896.91025 14.012 0.005
2456907.89308 13.963 0.005
2456926.82225 13.959 0.005
2456932.83094 14.028 0.005
2456938.81638 13.955 0.005
2456942.81394 14.018 0.005
2456950.86476 13.965 0.005
2456956.86763 14.037 0.005
2456961.86226 14.036 0.005
2456967.73374 13.947 0.005
2456973.73918 14.016 0.005
2456980.77621 14.041 0.005
2456987.80722 14.009 0.005
2456992.77940 14.017 0.005
2456997.78519 14.008 0.005
2457002.72698 14.007 0.005
2457007.73826 13.980 0.005
2457013.69377 13.983 0.005
2457016.79740 14.015 0.005
2457020.80197 13.958 0.005
2457024.77734 13.978 0.005
2457028.72838 14.040 0.005
2457032.78274 13.978 0.005
2457037.76026 13.993 0.005
2457042.75786 14.013 0.005
2457047.72100 14.039 0.005
2457051.74963 13.960 0.005
2457056.69000 13.975 0.005
2457062.68169 14.020 0.005
2457069.67835 14.017 0.005
2457080.60525 13.969 0.005
2457083.63198 14.012 0.005
2457086.64103 14.014 0.005
2457091.62094 13.987 0.005
2457103.59185 13.990 0.005
2457112.59915 14.021 0.005
2457115.59569 13.996 0.005
2457119.55373 14.028 0.005
2457126.54473 13.988 0.005
2457131.54921 14.006 0.005
2457134.51953 14.011 0.005
2457137.54938 13.957 0.005
2457143.51399 14.029 0.005
2457278.86561 13.965 0.005
2457292.85625 13.992 0.005
2457294.81728 14.018 0.005
2457297.81599 13.981 0.005
2457306.87415 14.030 0.005
2457312.81239 13.950 0.005
2457322.76740 13.973 0.005
2457327.87396 14.001 0.005
2457339.77797 14.015 0.005
2457345.73657 13.985 0.005
2457354.81343 14.027 0.005
2457361.83630 14.021 0.005
2457366.70890 14.016 0.005
2457373.86243 14.031 0.005
2457377.83418 13.983 0.005
2457382.73240 14.004 0.005
2457385.74589 14.014 0.005
2457390.76772 14.010 0.005
2457399.77233 13.995 0.005
2457403.78771 13.942 0.005
2457408.73503 13.952 0.005
2457410.73641 13.959 0.005
2457413.69914 13.967 0.005
2457416.70607 14.029 0.005
2457424.64844 13.989 0.005
2457427.68211 13.952 0.005
2457431.67405 14.007 0.005
2457435.66824 14.019 0.005
2457439.67511 13.955 0.005
2457443.64569 14.006 0.005
2457449.65132 13.972 0.005
2457453.62667 13.962 0.005
2457462.64043 14.011 0.005
2457466.58781 13.973 0.005
2457472.59459 13.989 0.005
2457476.55033 13.998 0.005
2457488.50401 14.029 0.005
2457499.52712 13.957 0.005
2457508.47258 14.008 0.005
2457638.89885 13.958 0.005
2457645.87442 13.967 0.005
2457648.86896 13.988 0.005
2457651.88233 14.025 0.005
2457655.88517 13.993 0.005
2457660.83794 14.000 0.005
2457663.85465 14.011 0.005
2457667.89164 13.981 0.005
2457673.83503 13.987 0.005
2457684.85302 14.018 0.005
2457691.79827 13.969 0.005
2457700.80082 13.941 0.005
2457705.77295 13.939 0.005
2457709.72786 14.002 0.005
2457713.82099 14.040 0.005
2457719.78379 13.952 0.005
2457724.74028 13.949 0.005
2457733.81994 13.970 0.005
2457737.74158 14.039 0.005
2457741.81848 13.972 0.005
2457747.79339 14.018 0.005
2457750.76690 13.955 0.005
2457755.72873 13.958 0.005
2457760.73184 13.957 0.005
2457764.78487 13.991 0.005
2457769.74502 13.976 0.005
2457775.74710 14.008 0.005
2457783.63782 14.002 0.005
2457787.71646 13.982 0.005
2457792.60528 13.987 0.005
2457796.63216 13.961 0.005
2457801.64901 13.943 0.005
2457812.59762 13.993 0.005
2457818.55216 13.980 0.005
2457823.56787 13.999 0.005
2457828.54380 14.015 0.005
2457837.52492 13.967 0.005
2457846.51087 13.974 0.005
2457856.52707 13.960 0.005
2457870.49777 13.976 0.005
2458010.88677 14.028 0.005
2458021.87783 13.945 0.005
2458029.89598 14.027 0.005
2458066.81608 13.974 0.005
2458070.70290 14.001 0.005
2458075.74548 14.009 0.005
2458080.84334 14.001 0.005
2458086.84126 13.967 0.005
2458091.71055 13.969 0.005
2458096.78312 13.998 0.005
2458101.72572 14.019 0.005
2458109.74148 13.995 0.005
2458115.78491 13.993 0.005
2458128.71116 13.997 0.005
2458136.70098 13.958 0.005
2458142.69571 14.027 0.005
2458147.66185 14.016 0.005
2458153.63842 13.949 0.005
2458172.59530 13.961 0.005
2458176.59265 14.007 0.005
2458186.61050 13.978 0.005
2458197.50915 14.023 0.005
2458205.56022 13.994 0.005
2458209.55761 14.003 0.005
2458213.54570 13.949 0.005
2458220.56216 13.958 0.005
2458226.53895 14.037 0.005
2458230.53676 13.973 0.005
2458236.49716 14.018 0.005
2458357.88018 13.975 0.005
2458364.90670 13.986 0.005
2458371.83734 13.957 0.005
2458382.86775 13.992 0.005
2458393.86999 14.009 0.005
2458404.78385 13.966 0.005
2458408.81796 14.033 0.005
2458411.77671 13.977 0.005
2458415.75804 14.022 0.005
2458419.75512 13.955 0.005
2458423.76535 13.988 0.005
2458469.80499 13.953 0.005
2458472.80292 13.967 0.005
2458475.72277 14.023 0.005
2458478.77090 13.947 0.005
2458481.74823 13.951 0.005
2458484.77598 13.998 0.005
2458488.77227 13.963 0.005
2458493.73529 13.957 0.005
2458499.76719 14.033 0.005
2458504.76338 14.017 0.005
2458513.76543 14.021 0.005
2458516.77222 14.009 0.005
2458518.61046 14.027 0.005
2458521.62761 14.001 0.005
2458525.67432 13.990 0.005
2458529.62097 13.959 0.005
2458536.68386 13.965 0.005
2458541.54613 13.962 0.005
2458545.59849 14.007 0.005
2458552.54464 14.033 0.005
2458559.55304 14.012 0.005
2458568.55690 13.969 0.005
2458575.51526 13.967 0.005
2458582.47969 13.943 0.005
2458587.52221 13.960 0.005
2458602.49510 14.006 0.005
2458704.91999 13.973 0.005
2458711.93306 13.954 0.005
2458716.90634 13.958 0.005
2458721.90278 13.975 0.005
2458725.88402 13.957 0.005
2458728.87658 13.969 0.005
2458736.88653 14.015 0.005
2458739.87803 13.994 0.005
2458741.86963 14.018 0.005
2458747.89376 13.962 0.005
2458753.89205 14.025 0.005
2458758.88432 14.007 0.005
2458763.83011 13.999 0.005
2458767.85322 14.021 0.005
2458771.86768 13.967 0.005
2458774.82954 13.983 0.005
2458777.81477 14.030 0.005
2458781.84683 13.998 0.005
2458785.75764 13.960 0.005
2458796.74743 14.032 0.005
2458799.74534 13.985 0.005
2458802.76460 13.953 0.005
2458805.77942 13.987 0.005
2458817.76137 13.972 0.005
2458823.71453 13.983 0.005
2458827.71953 14.005 0.005
2458830.72179 14.012 0.005
2458834.71461 14.014 0.005
2458838.73960 13.954 0.005
2458842.72992 14.004 0.005
2458846.69335 13.988 0.005
2458851.68207 14.002 0.005
2458857.72820 13.962 0.005
2458862.75743 13.962 0.005
2458871.55461 13.990 0.005
2458879.66658 13.938 0.005
2458889.60054 13.968 0.005
2458897.61241 14.026 0.005
2458904.59128 14.001 0.005
2458910.62564 13.961 0.005
2458916.58642 14.041 0.005
2458921.58776 14.033 0.005
2459807.90850 14.027 0.005
2459813.92542 13.955 0.005
2459819.87452 14.011 0.005
2459825.85140 13.958 0.005
2459835.84825 13.989 0.005
2459842.87709 13.962 0.005
2459847.86781 13.971 0.005
2459852.84840 13.980 0.005
2459855.85543 14.028 0.005
2459858.77450 13.980 0.005
2459863.77604 13.963 0.005
2459869.83171 14.032 0.005
2459877.72581 13.997 0.005
2459887.69923 13.971 0.005
2459899.81289 13.944 0.005
2459904.65476 13.970 0.005
2459908.83473 14.005 0.005
2459913.75807 14.008 0.005
2459917.78680 14.030 0.005
2459923.58375 13.982 0.005
2459928.70506 13.953 0.005
2459932.65847 14.027 0.005
2459935.84653 13.964 0.005
2459939.60793 14.015 0.005
2459942.75310 13.986 0.005
2459946.84461 14.026 0.005
2459951.62443 14.039 0.005
2459954.81062 13.963 0.005
2459958.69813 14.011 0.005
2459962.61315 13.958 0.005
2459965.77457 14.037 0.005
2459970.60069 14.036 0.005
2459974.71159 13.977 0.005
2459975.55713 14.038 0.005
2459980.61873 14.015 0.005
2459985.62481 13.997 0.005
2459991.60966 13.965 0.005
2459997.67800 13.985 0.005
2460005.61323 13.948 0.005
2460013.53305 14.031 0.005
2460020.52634 13.980 0.005
2460031.54515 13.969 0.005
2460043.54096 13.964 0.005
2460048.51702 13.941 0.005
2460058.50263 13.958 0.005
2460066.50294 14.033 0.005
2460067.50922 13.960 0.005
2460072.49849 13.967 0.005
2460076.49996 14.007 0.005
2460160.92346 13.963 0.005
2460181.92049 14.018 0.005
2460186.90435 14.002 0.005
2460200.90562 14.029 0.005
2460202.84334 14.003 0.005
2460215.85770 13.977 0.005
2460227.78085 13.978 0.005
2460237.72866 13.962 0.005
2460244.82387 13.955 0.005
2460253.73647 14.021 0.005
2460260.74705 14.010 0.005
2460267.75267 14.035 0.005
2460271.73414 13.970 0.005
2460276.62126 13.979 0.005
2460280.64808 13.965 0.005
2460284.63964 14.007 0.005
2460288.61634 13.965 0.005
2460292.67188 13.956 0.005
2460296.82911 14.026 0.005
2460300.80366 14.000 0.005
2460308.68248 14.006 0.005
2460312.73458 13.972 0.005
2460316.61566 13.967 0.005
2460320.74537 14.032 0.005
2460325.65018 14.014 0.005
2460330.65582 14.003 0.005
2460335.62392 13.974 0.005
2460340.67478 13.959 0.005
2460347.72563 13.975 0.005
2460355.54273 13.953 0.005
2460361.54381 13.999 0.005
2460365.54592 13.989 0.005
2460371.53638 13.980 0.005
2460374.53067 13.947 0.005
2460380.52489 14.010 0.005
2460385.55870 13.997 0.005
2460391.51843 13.974 0.005
2460394.51503 14.002 0.005
2460402.54948 13.986 0.005
2460411.54238 14.034 0.005
2460432.49698 13.977 0.005
2460435.50840 14.037 0.005
2460436.53081 13.956 0.005
2460442.49822 14.011 0.005
2460456.48848 13.982 0.005
