2455260.63121 17.686 0.013
2455261.54600 17.688 0.013
2455262.61273 17.760 0.014
2455264.57642 17.732 0.013
2455265.51022 17.766 0.016
2455266.57512 17.716 0.015
2455267.55646 17.973 0.017
2455268.63101 17.671 0.014
2455269.54039 17.684 0.013
2455271.54916 17.701 0.012
2455272.56630 17.724 0.015
2455273.53829 17.731 0.012
2455274.56945 17.679 0.013
2455276.54847 17.679 0.011
2455279.53664 17.703 0.017
2455281.51203 17.725 0.016
2455282.53072 17.689 0.013
2455283.54684 17.871 0.025
2455284.55015 17.680 0.014
2455285.55172 17.696 0.020
2455287.54499 17.703 0.016
2455289.53803 17.722 0.015
2455292.56190 17.648 0.014
2455294.54467 17.863 0.018
2455297.51284 17.769 0.015
2455299.51028 17.765 0.015
2455305.47281 17.723 0.015
2455307.49989 17.791 0.016
2455310.49056 18.346 0.032
2455312.51832 17.706 0.021
2455315.48921 17.744 0.018
2455323.47498 17.753 0.015
2455325.46863 17.690 0.019
2455327.46851 17.662 0.014
2455335.46316 17.681 0.015
2455342.47749 18.795 0.070
2455343.48710 17.676 0.025
2455430.89082 17.783 0.017
2455439.90028 17.883 0.016
2455444.88244 17.699 0.014
2455449.88717 17.693 0.012
2455451.89621 18.854 0.042
2455454.88197 17.759 0.012
2455456.90768 17.781 0.014
2455457.88999 17.717 0.010
2455461.90232 17.692 0.012
2455463.86739 17.776 0.014
2455467.84137 18.140 0.021
2455468.81535 17.679 0.014
2455470.78779 17.814 0.013
2455471.83808 17.743 0.012
2455476.79376 17.682 0.010
2455478.78253 17.887 0.012
2455480.79623 17.723 0.012
2455482.77246 17.711 0.013
2455484.87991 17.688 0.012
2455486.77899 17.966 0.016
2455487.85797 17.739 0.011
2455488.85186 17.732 0.010
2455490.71813 17.785 0.015
2455491.73840 17.790 0.016
2455492.75258 17.707 0.014
2455493.74475 17.713 0.014
2455495.72492 17.688 0.013
2455497.73175 17.760 0.014
2455503.82864 17.675 0.010
2455506.86840 17.677 0.012
2455509.79315 17.706 0.011
2455511.73214 17.681 0.012
2455513.74569 17.744 0.013
2455515.69556 17.750 0.013
2455517.69357 17.710 0.014
2455521.73382 17.735 0.016
2455523.79585 17.778 0.016
2455525.80448 17.654 0.011
2455527.69431 17.672 0.010
2455528.83002 17.704 0.012
2455529.75288 17.740 0.011
2455530.78276 17.772 0.013
2455532.77464 17.688 0.010
2455533.84151 17.700 0.011
2455534.70235 19.013 0.033
2455535.79331 17.657 0.011
2455539.83211 17.760 0.013
2455541.80200 17.710 0.013
2455543.82312 17.707 0.012
2455545.82775 17.721 0.012
2455547.73676 17.742 0.013
2455549.75028 17.687 0.013
2455551.76126 17.692 0.014
2455553.77388 17.734 0.015
2455554.79926 17.800 0.015
2455556.76009 17.701 0.012
2455557.77254 17.683 0.011
2455558.76780 18.744 0.029
2455560.79511 17.693 0.012
2455561.75262 17.783 0.014
2455563.75811 17.770 0.013
2455565.78459 17.685 0.015
2455568.78610 17.718 0.015
2455570.84090 17.784 0.018
2455573.81720 17.682 0.014
2455576.71760 17.693 0.012
2455577.74968 17.717 0.015
2455578.75198 17.852 0.017
2455579.80353 17.788 0.019
2455581.73281 17.672 0.013
2455582.77951 18.900 0.038
2455583.74877 17.694 0.014
2455584.76326 17.689 0.014
2455585.76998 17.737 0.015
2455589.70695 17.671 0.013
2455590.70190 18.458 0.015
2455591.71247 17.692 0.011
2455593.69548 17.761 0.013
2455595.67676 17.727 0.011
2455596.73246 17.711 0.012
2455597.70648 17.676 0.010
2455598.73352 18.788 0.032
2455599.72838 17.676 0.012
2455600.74662 17.715 0.012
2455604.73560 17.699 0.012
2455606.71317 18.423 0.026
2455608.66222 17.661 0.014
2455611.67164 17.736 0.018
2455613.63870 17.682 0.015
2455615.67290 17.686 0.015
2455624.62525 17.679 0.011
2455627.61162 17.720 0.012
2455630.59319 17.761 0.014
2455632.59019 17.703 0.016
2455634.55054 17.686 0.014
2455639.54734 17.694 0.017
2455641.58700 18.253 0.021
2455643.55098 17.713 0.011
2455645.55437 17.782 0.017
2455647.58284 17.671 0.012
2455654.53246 17.754 0.013
2455655.51440 17.725 0.012
2455657.55851 18.766 0.031
2455665.53763 18.983 0.048
2455667.51738 17.729 0.015
2455671.51938 17.729 0.020
2455675.51575 17.689 0.014
2455677.51514 17.837 0.014
2455680.50995 17.714 0.015
2455681.47407 18.355 0.029
2455786.91391 17.752 0.013
2455802.86784 17.672 0.013
2455804.89083 17.683 0.011
2455807.89005 17.697 0.015
2455809.92055 17.787 0.015
2455813.82512 17.780 0.012
2455815.91007 17.702 0.013
2455818.86508 17.667 0.013
2455820.85417 17.726 0.012
2455823.84667 17.693 0.012
2455826.80721 17.702 0.011
2455828.86245 17.727 0.011
2455831.80158 17.691 0.010
2455833.77556 18.856 0.025
2455834.89915 17.700 0.014
2455836.80842 17.749 0.011
2455839.78272 17.689 0.012
2455841.86428 18.124 0.014
2455844.88785 17.733 0.021
2455850.87209 17.698 0.013
2455851.84746 17.691 0.011
2455854.84248 17.764 0.011
2455856.84931 17.709 0.012
2455858.80034 17.689 0.013
2455861.77804 17.859 0.014
2455862.79114 17.763 0.010
2455864.75432 17.684 0.010
2455865.80841 18.939 0.029
2455867.85630 17.713 0.012
2455868.87240 17.710 0.013
2455869.83717 17.842 0.011
2455870.71345 17.760 0.012
2455872.72364 17.664 0.011
2455873.76818 18.806 0.025
2455878.83809 17.716 0.019
2455880.72336 17.676 0.012
2455882.74126 17.676 0.011
2455885.78938 17.851 0.015
2455888.75868 17.697 0.013
2455890.81572 17.686 0.011
2455891.86338 17.722 0.018
2455893.71408 17.751 0.012
2455895.75502 17.715 0.012
2455896.76817 17.676 0.012
2455899.71054 17.664 0.013
2455901.82195 17.848 0.013
2455902.75589 17.750 0.014
2455903.81072 17.736 0.012
2455904.73632 17.695 0.012
2455905.71027 17.997 0.017
2455906.72239 17.700 0.013
2455907.75920 17.690 0.014
2455908.77536 17.790 0.013
2455909.76828 17.830 0.015
2455910.76884 17.710 0.012
2455911.79531 17.700 0.012
2455912.78433 17.680 0.011
2455913.78967 18.504 0.018
2455915.76974 17.678 0.009
2455916.79223 17.769 0.011
2455917.77061 17.779 0.011
2455922.82380 17.710 0.012
2455924.77201 17.736 0.010
2455925.77581 17.747 0.014
2455927.77170 17.721 0.011
2455929.77803 18.217 0.015
2455931.75595 17.703 0.013
2455932.76531 17.778 0.014
2455933.77367 17.740 0.015
2455934.79403 17.705 0.021
2455938.71409 17.698 0.012
2455939.70739 17.701 0.012
2455940.70147 17.863 0.011
2455941.72864 17.692 0.012
2455942.72490 17.719 0.011
2455943.72547 17.687 0.012
2455944.68872 17.722 0.010
2455945.69841 17.746 0.011
2455946.74024 17.699 0.011
2455947.70526 17.662 0.013
2455949.71082 17.722 0.014
2455950.71175 17.725 0.010
2455953.74427 17.842 0.017
2455955.68074 17.675 0.010
2455958.71315 17.713 0.010
2455960.66976 17.764 0.010
2455963.67601 17.699 0.013
2455964.71741 17.983 0.031
2455965.65181 17.668 0.013
2455967.62275 17.782 0.016
2455968.71119 17.762 0.016
2455969.71562 17.765 0.015
2455973.62142 17.687 0.009
2455976.67814 17.803 0.012
2455977.66184 17.771 0.012
2455979.68041 17.670 0.014
2455981.61102 17.703 0.012
2455983.67621 17.728 0.010
2455985.63044 17.770 0.012
2455987.65243 17.662 0.011
2455988.58245 18.861 0.035
2455990.53696 17.693 0.013
2455991.63675 17.753 0.021
2455993.65589 17.796 0.019
2455995.61524 17.677 0.014
2455996.63423 18.844 0.054
2456000.60198 17.840 0.013
2456005.59177 17.681 0.012
2456023.53006 17.759 0.014
2456024.56819 17.767 0.017
2456028.55092 18.136 0.019
2456033.52785 17.754 0.016
2456036.53334 17.915 0.014
2456037.53584 17.666 0.017
2456039.53147 17.784 0.016
2456042.53145 17.733 0.017
2456047.50824 17.878 0.018
2456055.47770 18.051 0.018
2456058.48099 17.710 0.013
2456068.46707 17.751 0.014
2456141.91750 17.661 0.014
2456159.93269 17.741 0.017
2456181.90529 17.678 0.013
2456195.89787 17.688 0.013
2456198.88121 17.699 0.013
2456200.84100 17.816 0.017
2456203.82779 17.715 0.014
2456208.83355 17.870 0.012
2456211.87131 17.675 0.013
2456215.82347 17.797 0.011
2456218.88014 17.728 0.014
2456219.87674 17.669 0.013
2456220.87345 18.773 0.023
2456221.87342 17.715 0.012
2456223.87058 17.756 0.011
2456226.77533 17.700 0.012
2456230.84740 17.685 0.015
2456232.85219 17.762 0.011
2456235.85263 17.676 0.011
2456241.82603 17.737 0.012
2456244.83212 18.104 0.018
2456248.76843 17.701 0.010
2456250.80631 17.724 0.010
2456251.75899 17.733 0.010
2456254.73836 17.698 0.010
2456257.78097 17.698 0.014
2456261.74707 17.717 0.013
2456265.77753 17.714 0.010
2456271.80405 17.825 0.011
2456286.75278 17.676 0.011
2456295.79120 18.059 0.016
2456300.73083 17.788 0.011
2456307.74171 17.834 0.013
2456314.68940 17.755 0.013
2456319.62598 18.351 0.019
2456338.61302 17.762 0.011
2456339.63548 17.761 0.010
2456348.62393 17.778 0.016
2456353.64730 17.696 0.012
2456357.61181 17.733 0.011
2456361.55664 17.690 0.011
2456368.57251 17.688 0.011
2456385.51143 17.704 0.012
2456391.51570 17.733 0.015
2456400.49808 17.726 0.014
2456407.48478 17.775 0.014
2456511.91017 18.723 0.027
2456521.89222 17.702 0.013
2456530.92511 17.734 0.015
2456547.90175 17.768 0.011
2456561.86939 17.728 0.012
2456571.87555 17.703 0.010
2456577.85946 17.674 0.009
2456583.77307 17.805 0.015
2456593.74245 17.716 0.015
2456603.82262 17.678 0.011
2456611.80709 17.693 0.012
2456616.71129 17.719 0.012
2456623.73690 17.741 0.010
2456629.73642 17.789 0.010
2456641.73541 17.671 0.011
2456647.74665 17.755 0.012
2456658.78980 18.866 0.019
2456661.81946 17.776 0.014
2456668.77959 17.730 0.010
2456690.73225 18.088 0.012
2456692.70664 17.685 0.009
2456693.65467 17.937 0.012
2456694.69851 17.682 0.010
2456695.64363 17.715 0.010
2456695.68323 17.722 0.011
2456696.63120 17.754 0.012
2456697.68926 17.690 0.010
2456698.68959 17.829 0.018
2456699.64398 17.699 0.012
2456700.56298 17.699 0.011
2456701.68405 17.813 0.013
2456705.56080 17.820 0.011
2456706.63794 17.733 0.010
2456707.65064 17.700 0.011
2456708.64052 17.676 0.010
2456709.63488 18.109 0.014
2456709.65007 18.071 0.014
2456710.64423 17.679 0.011
2456711.63118 17.714 0.011
2456712.58178 17.733 0.010
2456713.60754 17.814 0.013
2456713.62291 17.799 0.013
2456714.61459 17.803 0.017
2456715.56405 17.688 0.011
2456716.61659 17.694 0.010
2456717.62521 18.328 0.018
2456718.67204 17.651 0.014
2456719.65308 17.717 0.014
2456721.62335 17.829 0.011
2456721.63538 17.751 0.013
2456722.64467 17.775 0.011
2456881.93317 17.689 0.016
2456889.89188 17.735 0.012
2456906.88927 17.743 0.013
2456922.81170 17.740 0.015
2456927.80378 17.699 0.013
2456932.79494 17.713 0.012
2456938.76340 17.760 0.016
2456942.77826 17.687 0.012
2456949.81459 18.855 0.026
2456955.77069 17.718 0.011
2456963.74098 17.719 0.014
2456968.78915 17.782 0.014
2456975.69591 17.682 0.017
2456979.72324 17.716 0.011
2456983.73561 17.676 0.011
2456989.75541 17.936 0.012
2456994.79970 17.741 0.013
2456999.76215 17.671 0.011
2457003.83904 17.697 0.012
2457008.79198 17.745 0.012
2457013.79154 17.960 0.014
2457017.79695 17.719 0.012
2457021.78113 17.857 0.012
2457025.73874 17.698 0.017
2457030.76287 17.681 0.011
2457034.73452 17.709 0.012
2457039.74364 17.693 0.011
2457044.71981 17.776 0.012
2457049.71501 17.683 0.011
2457055.69608 17.676 0.013
2457060.69148 17.820 0.014
2457065.67289 17.674 0.012
2457072.64934 18.924 0.037
2457078.62854 17.690 0.015
2457082.56262 17.695 0.014
2457085.63518 17.763 0.014
2457089.61008 17.671 0.012
2457093.58045 17.753 0.013
2457102.56117 17.750 0.018
2457111.56944 17.663 0.013
2457114.54624 17.669 0.013
2457118.54567 17.729 0.014
2457124.51970 17.686 0.011
2457130.50574 17.718 0.014
2457133.49431 17.739 0.014
2457136.47722 17.781 0.014
2457140.49131 17.701 0.013
2457144.48942 17.774 0.020
2457283.81694 17.759 0.013
2457291.82965 17.752 0.016
2457294.78011 17.721 0.014
2457298.87690 17.680 0.014
2457303.83349 17.677 0.012
2457311.78295 17.712 0.011
2457319.74575 17.774 0.017
2457327.83207 17.669 0.013
2457339.74216 18.460 0.018
2457344.76854 17.748 0.012
2457353.84976 17.679 0.015
2457355.82351 17.976 0.013
2457363.74824 18.631 0.017
2457367.80635 17.767 0.011
2457373.74310 17.708 0.013
2457378.80239 17.696 0.011
2457383.71212 17.881 0.013
2457387.72816 18.884 0.026
2457396.76087 17.692 0.011
2457401.75123 17.700 0.011
2457405.72224 17.683 0.010
2457409.67091 17.731 0.018
2457413.66207 17.687 0.014
2457425.69057 17.714 0.011
2457428.66518 17.704 0.012
2457435.68077 18.030 0.016
2457440.63952 17.719 0.014
2457445.61914 17.705 0.013
2457448.61735 17.732 0.013
2457461.60250 17.672 0.011
2457466.55171 17.785 0.014
2457472.54344 17.690 0.014
2457476.51395 17.713 0.012
2457494.49971 18.702 0.032
2457636.91672 17.674 0.019
2457643.90336 17.870 0.018
2457649.85714 17.732 0.012
2457652.83948 17.682 0.011
2457656.84149 17.686 0.010
2457659.83664 17.753 0.013
2457663.81927 17.676 0.010
2457667.83096 17.765 0.010
2457673.88566 17.747 0.011
2457682.86807 17.743 0.012
2457688.83754 17.706 0.011
2457692.82626 17.716 0.011
2457699.78659 17.743 0.012
2457703.71917 17.687 0.012
2457707.74197 17.713 0.017
2457709.69137 17.650 0.011
2457717.74854 17.701 0.014
2457725.76940 17.672 0.011
2457733.78405 17.681 0.012
2457740.78594 17.706 0.013
2457746.78700 17.799 0.013
2457750.65789 17.773 0.013
2457758.72984 17.885 0.011
2457762.72448 17.713 0.014
2457765.71252 17.668 0.014
2457771.76544 17.746 0.014
2457780.65189 17.735 0.014
2457784.66649 17.699 0.013
2457787.68023 17.699 0.010
2457792.56871 17.686 0.012
2457798.59429 17.770 0.014
2457803.58675 17.724 0.013
2457814.55468 17.731 0.012
2457819.51190 17.716 0.015
2457825.51007 18.080 0.035
2457830.50900 17.742 0.012
2457840.51960 17.704 0.015
2457854.50330 17.710 0.014
2457873.47724 17.759 0.014
2458014.90087 17.767 0.013
2458028.87473 17.781 0.014
2458039.87676 17.701 0.013
2458040.87447 17.697 0.012
2458045.86868 17.843 0.012
2458054.77118 17.698 0.011
2458057.78524 17.908 0.014
2458066.79216 17.693 0.012
2458070.85206 17.721 0.013
2458076.69846 18.311 0.019
2458081.73020 17.771 0.013
2458086.72870 17.693 0.015
2458091.67459 17.700 0.018
2458097.68575 17.761 0.011
2458102.71602 17.711 0.011
2458111.73919 17.766 0.011
2458116.84073 17.814 0.016
2458133.67600 17.672 0.011
2458138.66790 17.696 0.012
2458143.68683 17.760 0.012
2458148.65808 18.575 0.029
2458153.60196 17.725 0.010
2458173.58346 17.692 0.015
2458185.57728 17.699 0.013
2458195.49751 17.774 0.017
2458207.51083 18.471 0.027
2458210.48383 17.814 0.023
2458215.50901 18.589 0.034
2458220.51274 17.766 0.013
2458226.50240 17.735 0.015
2458229.49476 17.698 0.012
2458235.49188 17.871 0.017
2458357.84394 17.680 0.012
2458363.91257 17.717 0.011
2458370.83196 17.744 0.011
2458381.88124 17.679 0.010
2458385.86295 17.723 0.013
2458392.89175 17.736 0.011
2458398.87426 17.675 0.011
2458407.75233 18.666 0.027
2458413.73582 17.691 0.017
2458418.73824 17.720 0.013
2458424.72621 17.693 0.010
2458428.69574 17.756 0.010
2458432.71710 17.686 0.011
2458436.67495 17.750 0.012
2458439.68348 18.427 0.025
2458442.71167 17.755 0.012
2458445.69625 17.683 0.015
2458448.72109 17.686 0.011
2458452.70297 17.728 0.011
2458456.75699 17.703 0.014
2458461.85442 17.669 0.014
2458464.84299 17.689 0.010
2458468.82554 17.724 0.010
2458474.75276 17.763 0.013
2458478.71685 17.664 0.011
2458482.72701 17.780 0.011
2458487.69153 18.001 0.015
2458494.72315 17.684 0.011
2458501.65096 17.729 0.013
2458505.76117 17.676 0.014
2458511.66685 17.801 0.013
2458521.54058 17.665 0.010
2458529.58440 17.688 0.011
2458535.67796 17.845 0.021
2458539.55885 17.696 0.011
2458547.53766 17.689 0.012
2458558.52602 17.823 0.015
2458563.52688 17.674 0.012
2458567.52727 17.722 0.011
2458576.53284 17.702 0.012
2458583.47447 17.764 0.024
2458590.48068 17.741 0.013
2458700.93386 17.742 0.016
2458713.93638 17.685 0.020
2458722.88459 18.080 0.015
2458726.85471 17.778 0.012
2458730.87450 18.224 0.015
2458737.87868 17.700 0.014
2458741.81895 17.736 0.014
2458748.86665 17.716 0.011
2458754.86589 18.564 0.026
2458760.83588 17.711 0.012
2458763.81733 17.683 0.010
2458766.83735 17.806 0.013
2458773.82867 17.752 0.014
2458778.79341 18.504 0.016
2458783.76701 17.737 0.010
2458795.71949 17.710 0.011
2458798.73710 17.698 0.014
2458801.67928 17.723 0.019
2458804.66636 17.701 0.012
2458810.70197 17.762 0.011
2458816.72854 17.750 0.011
2458821.70423 17.940 0.013
2458824.70682 17.729 0.013
2458830.68584 17.682 0.011
2458834.67743 17.749 0.013
2458838.70352 17.698 0.012
2458842.69400 17.763 0.009
2458845.73980 17.919 0.011
2458849.69146 17.750 0.010
2458855.65068 17.663 0.013
2458860.71877 17.668 0.012
2458864.62801 17.768 0.011
2458870.58228 17.688 0.011
2458877.58383 18.527 0.020
2458883.65806 17.716 0.011
2458892.55941 17.692 0.010
2458901.55188 18.031 0.012
2458907.59107 17.704 0.011
2458914.58856 17.714 0.012
2458919.59732 17.718 0.015
2459814.87991 18.681 0.020
2459822.86724 18.827 0.027
2459826.89534 17.826 0.011
2459835.83076 17.747 0.015
2459841.86071 17.749 0.011
2459847.83162 17.714 0.013
2459851.88461 17.727 0.011
2459854.75494 17.981 0.014
2459859.78956 17.723 0.013
2459862.81396 18.202 0.024
2459868.87686 17.723 0.012
2459876.78288 17.716 0.010
2459882.70698 17.676 0.010
2459886.75662 17.799 0.011
2459899.67204 17.696 0.011
2459903.76749 17.675 0.011
2459908.69391 17.750 0.012
2459913.61514 18.793 0.025
2459917.63028 17.837 0.013
2459921.76866 17.965 0.016
2459927.78166 17.688 0.011
2459931.81853 17.736 0.010
2459935.69522 17.695 0.010
2459938.77964 17.665 0.010
2459942.60950 17.752 0.013
2459946.69644 17.677 0.010
2459950.64376 17.746 0.016
2459954.66554 17.685 0.011
2459957.82383 17.700 0.013
2459961.68605 18.824 0.035
2459965.62964 17.760 0.009
2459969.68836 18.749 0.024
2459974.56632 17.729 0.012
2459979.63061 17.649 0.013
2459984.67932 17.711 0.015
2459990.65607 17.731 0.010
2459997.53267 17.687 0.009
2460004.62621 17.758 0.011
2460012.51944 18.130 0.014
2460019.55707 17.694 0.010
2460029.52192 17.692 0.014
2460041.54462 17.773 0.016
2460073.47483 17.752 0.014
2460178.90300 17.711 0.017
2460188.87660 17.768 0.019
2460200.86206 17.676 0.014
2460214.80655 17.714 0.019
2460226.78123 17.673 0.012
2460243.85032 17.680 0.014
2460252.78994 18.493 0.024
2460259.82255 17.703 0.014
2460266.86755 17.698 0.020
2460270.84004 17.699 0.012
2460275.74866 17.665 0.014
2460279.72627 17.764 0.013
2460283.76630 17.688 0.012
2460287.74754 17.779 0.013
2460291.75761 17.685 0.012
2460296.70147 17.758 0.011
2460300.67602 18.026 0.015
2460305.80110 17.746 0.019
2460312.60698 17.695 0.012
2460315.76269 17.673 0.011
2460319.79709 17.778 0.014
2460324.68551 17.917 0.015
2460329.73823 17.721 0.012
2460334.69024 17.699 0.014
2460339.65104 17.686 0.016
2460347.56781 17.810 0.012
2460354.61912 17.728 0.011
2460358.68645 17.672 0.012
2460360.55510 17.682 0.013
2460370.58474 17.733 0.015
2460378.66955 17.728 0.015
2460384.59490 17.668 0.011
2460392.52889 17.676 0.015
2460401.55240 17.679 0.012
2460410.51500 17.773 0.014
2460435.48894 17.708 0.015
