5260.62491 19.753 0.063
5261.53973 19.498 0.051
5262.60647 19.445 0.054
5264.57016 19.703 0.055
5265.50395 19.348 0.068
5266.56887 19.228 0.055
5267.55022 19.850 0.088
5268.62477 19.699 0.075
5269.53415 19.421 0.059
5271.54295 19.772 0.063
5272.56012 19.704 0.075
5273.53208 19.264 0.046
5274.56324 19.495 0.054
5276.54229 19.584 0.050
5281.50586 19.559 0.067
5282.52458 19.760 0.067
5283.54067 19.707 0.114
5284.54401 19.353 0.055
5285.54561 19.042 0.059
5287.53885 19.488 0.075
5292.55580 19.422 0.063
5294.53859 19.692 0.071
5297.50678 19.706 0.078
5299.50424 19.232 0.050
5307.49382 19.187 0.047
5310.48457 19.439 0.083
5315.48324 19.874 0.109
5323.46903 19.616 0.074
5325.46270 19.052 0.077
5327.46258 19.615 0.075
5335.45725 19.737 0.099
5338.46375 19.538 0.118
5343.48117 19.334 0.101
5429.93287 19.517 0.095
5430.88467 19.507 0.079
5439.89410 19.847 0.089
5444.87622 19.650 0.063
5449.88091 19.367 0.043
5451.88996 19.661 0.084
5454.87567 19.761 0.059
5456.90135 19.556 0.044
5457.88371 19.079 0.028
5461.89599 18.979 0.033
5463.86103 19.536 0.059
5467.83499 19.445 0.052
5468.80899 19.809 0.074
5470.78142 19.622 0.055
5471.83168 19.316 0.039
5476.78736 19.777 0.049
5478.77611 19.337 0.034
5480.78979 19.791 0.064
5482.76602 19.148 0.041
5483.76399 19.939 0.101
5484.87347 19.857 0.058
5486.77249 19.072 0.039
5487.85147 19.060 0.029
5488.84537 19.719 0.048
5490.71162 19.614 0.068
5491.73193 19.786 0.076
5492.76544 19.644 0.061
5493.78777 19.362 0.055
5494.83250 19.199 0.047
5495.78964 19.785 0.068
5496.78744 19.650 0.084
5497.81763 19.379 0.055
5499.72462 19.665 0.060
5502.79478 19.865 0.054
5503.75002 19.617 0.051
5505.71969 19.805 0.078
5506.73715 19.680 0.046
5507.75528 19.547 0.037
5509.66370 19.866 0.065
5510.71961 19.570 0.052
5511.69578 19.272 0.043
5512.73885 19.000 0.030
5513.70912 19.674 0.057
5514.74166 19.592 0.043
5515.65893 19.032 0.043
5516.74449 19.315 0.038
5517.65759 19.591 0.067
5517.85853 19.102 0.038
5518.75399 19.549 0.079
5519.67752 19.106 0.068
5521.69727 19.740 0.089
5522.72241 19.416 0.070
5523.68710 19.637 0.065
5524.69555 19.794 0.061
5525.72862 19.551 0.042
5526.68067 19.157 0.034
5527.76141 19.137 0.033
5528.70243 19.667 0.062
5529.68276 19.619 0.057
5530.68997 19.119 0.035
5531.77315 19.005 0.026
5532.68126 19.824 0.055
5533.70460 19.504 0.054
5534.73617 19.215 0.035
5535.71295 19.764 0.058
5536.71561 19.704 0.051
5539.72586 19.761 0.057
5540.80998 19.643 0.054
5541.67618 19.231 0.044
5542.73457 19.016 0.030
5543.76609 20.082 0.119
5544.75361 19.674 0.052
5545.74288 19.400 0.048
5546.69255 19.819 0.079
5547.75233 19.680 0.069
5548.71230 19.462 0.055
5549.67684 19.144 0.044
5550.73226 19.950 0.083
5551.68278 19.512 0.064
5553.73582 19.033 0.039
5554.66915 19.619 0.070
5556.68377 19.246 0.036
5557.66492 19.848 0.067
5558.66583 19.763 0.063
5559.65601 19.329 0.058
5560.64769 19.308 0.039
5561.68126 19.907 0.081
5562.70082 19.777 0.064
5563.63480 19.290 0.048
5565.66608 19.635 0.063
5566.69337 19.659 0.056
5568.71367 18.985 0.037
5569.70822 19.785 0.072
5570.74695 19.725 0.057
5571.67880 19.087 0.035
5572.79522 19.309 0.044
5575.70028 19.160 0.041
5576.67448 19.730 0.049
5577.67605 19.540 0.059
5578.68281 19.382 0.050
5579.73317 19.204 0.056
5580.67685 19.689 0.052
5581.67931 19.595 0.071
5582.68711 19.331 0.050
5583.69389 19.298 0.036
5584.67991 19.756 0.069
5585.67977 19.625 0.061
5586.64352 19.017 0.038
5587.62564 19.791 0.065
5588.72960 19.527 0.084
5589.63566 19.362 0.038
5591.67301 19.793 0.050
5592.65525 19.721 0.048
5593.63821 19.390 0.041
5594.65440 19.859 0.068
5595.63304 19.685 0.055
5596.69624 19.661 0.046
5597.61367 19.052 0.036
5598.67781 19.934 0.063
5599.64362 19.620 0.061
5600.67636 19.590 0.047
5601.65597 19.127 0.030
5602.65469 19.889 0.059
5603.66345 19.519 0.055
5604.66059 19.561 0.058
5605.66569 19.015 0.027
5606.67704 19.823 0.065
5607.68847 19.663 0.077
5608.67534 19.604 0.081
5609.70705 19.052 0.046
5611.63762 19.315 0.070
5612.69014 19.361 0.065
5613.65164 19.778 0.092
5614.64527 19.820 0.073
5615.63907 19.527 0.048
5616.64781 19.020 0.036
5619.63830 19.360 0.038
5620.62366 19.782 0.087
5622.63295 19.462 0.055
5623.59586 19.026 0.034
5624.53695 19.468 0.062
5625.62860 19.787 0.067
5626.58970 19.317 0.049
5627.55442 19.945 0.068
5629.59466 19.711 0.057
5632.55419 19.600 0.068
5633.60320 19.694 0.057
5634.56361 18.960 0.037
5635.56792 19.743 0.079
5638.57253 19.277 0.077
5639.58277 19.675 0.105
5640.52177 19.237 0.069
5641.54943 19.153 0.047
5642.49769 19.767 0.059
5643.49546 19.562 0.065
5644.49821 19.253 0.044
5645.49692 19.775 0.108
5646.50995 19.685 0.076
5647.51189 19.556 0.054
5648.51178 19.245 0.048
5649.52733 20.020 0.098
5650.50776 19.752 0.058
5651.51370 19.588 0.048
5652.50863 19.115 0.036
5653.53872 19.830 0.067
5654.54726 19.550 0.062
5655.53842 19.516 0.053
5656.54731 19.154 0.037
5657.50726 19.620 0.070
5659.50654 19.111 0.036
5660.55195 19.030 0.036
5664.48614 19.995 0.137
5665.50138 19.476 0.080
5666.49818 19.405 0.075
5667.48037 18.992 0.050
5668.48590 19.792 0.094
5669.47991 19.647 0.075
5670.53141 19.621 0.081
5671.48176 19.946 0.141
5672.47624 19.721 0.080
5674.48474 19.304 0.053
5675.47761 20.019 0.132
5676.53252 19.507 0.028
5677.47433 19.477 0.052
5678.50854 19.271 0.041
5679.47620 19.893 0.083
5680.52427 19.764 0.079
5681.48730 19.304 0.054
5682.48839 18.898 0.041
5683.49291 19.633 0.076
5684.49699 19.709 0.078
5685.46954 19.021 0.051
5686.47043 19.853 0.068
5687.47117 19.667 0.085
5691.46412 19.882 0.112
5692.51198 19.580 0.103
5694.47720 19.690 0.095
5697.46347 19.389 0.064
5699.47301 19.575 0.120
5700.46460 19.173 0.064
5702.46149 19.635 0.087
5706.46037 19.613 0.090
5783.93814 19.436 0.067
5795.92766 19.140 0.049
5803.87297 19.873 0.067
5805.83745 19.357 0.047
5806.88844 19.144 0.035
5809.84970 19.276 0.031
5810.85281 19.913 0.083
5812.84560 19.479 0.044
5814.86242 19.755 0.080
5815.87406 19.712 0.063
5816.84818 19.400 0.072
5817.84879 18.964 0.035
5818.87790 19.895 0.077
5819.83185 19.598 0.058
5820.89930 19.467 0.049
5822.81951 19.825 0.063
5823.89439 19.709 0.064
5824.81635 19.085 0.034
5825.80461 19.672 0.052
5826.85307 19.685 0.053
5827.84706 19.565 0.044
5828.87328 19.287 0.034
5829.84667 19.810 0.046
5830.83822 19.802 0.055
5831.82988 19.338 0.031
5832.81933 19.659 0.047
5833.80366 19.914 0.075
5834.80459 19.523 0.038
5835.86450 19.382 0.044
5836.76848 19.674 0.046
5837.84985 19.928 0.068
5839.83198 19.136 0.036
5840.81496 19.827 0.056
5841.81196 19.744 0.064
5842.83014 19.621 0.078
5843.84562 19.167 0.036
5845.85988 19.900 0.128
5846.82110 19.387 0.091
5850.78492 18.994 0.032
5851.79400 19.669 0.065
5852.77772 19.464 0.074
5853.84746 19.761 0.088
5854.75277 19.742 0.059
5855.82249 19.833 0.053
5856.79406 19.605 0.087
5857.77839 19.273 0.052
5858.82827 19.004 0.051
5859.79680 19.730 0.055
5860.78185 19.582 0.053
5861.79085 19.210 0.043
5863.79278 19.724 0.053
5864.70136 19.172 0.030
5865.77092 19.012 0.033
5866.79505 19.801 0.059
5867.73395 19.570 0.049
5868.83543 19.701 0.044
5869.80093 18.962 0.026
5870.74072 19.647 0.053
5871.72681 19.510 0.043
5872.73616 19.006 0.029
5873.73138 19.739 0.070
5874.76495 19.460 0.068
5875.70089 19.277 0.051
5878.73832 19.447 0.083
5879.68591 19.024 0.050
5880.73736 19.728 0.074
5880.78837 19.041 0.047
5881.72396 19.618 0.053
5882.75472 19.587 0.052
5883.75869 19.226 0.049
5885.68996 19.485 0.082
5886.72604 19.465 0.076
5887.79840 19.386 0.035
5888.78706 19.739 0.069
5889.82926 19.914 0.084
5890.76280 19.379 0.039
5891.72144 19.630 0.062
5892.73920 19.684 0.064
5893.75732 19.634 0.049
5894.78074 19.517 0.048
5895.79786 19.215 0.041
5896.78090 19.701 0.057
5897.72773 19.570 0.046
5898.70991 19.017 0.034
5899.76908 19.520 0.053
5900.71871 19.635 0.053
5901.76801 19.616 0.067
5902.71925 18.880 0.043
5903.77443 19.763 0.074
5904.74903 19.736 0.068
5905.72309 19.357 0.052
5906.73498 19.066 0.043
5907.71134 19.861 0.078
5908.73829 19.503 0.068
5909.78288 19.482 0.058
5910.69564 19.822 0.068
5911.72749 19.691 0.052
5912.74797 19.643 0.052
5913.71990 19.043 0.030
5914.74255 19.845 0.053
5915.69956 19.697 0.048
5916.75344 19.580 0.042
5917.71708 18.993 0.029
5922.73411 19.744 0.046
5923.71034 19.673 0.041
5924.69164 19.180 0.034
5925.70569 19.783 0.075
5926.71748 19.703 0.053
5927.71648 19.656 0.060
5929.69065 19.666 0.059
5930.83580 20.064 0.080
5931.65622 19.150 0.044
5932.65364 19.875 0.074
5933.70483 19.637 0.073
5934.70088 19.537 0.054
5936.64597 19.925 0.099
5937.67574 19.692 0.057
5938.67648 19.434 0.048
5939.72028 19.205 0.041
5940.75620 19.111 0.036
5941.75615 19.840 0.080
5942.78050 19.573 0.048
5943.73800 19.205 0.040
5944.73123 19.811 0.052
5945.71154 19.810 0.051
5946.65138 19.208 0.033
5946.76774 19.777 0.069
5947.71832 19.083 0.038
5948.70714 19.681 0.059
5949.72333 19.540 0.057
5950.64432 18.992 0.029
5951.66966 19.861 0.075
5952.69429 19.557 0.042
5953.69222 19.578 0.055
5954.68977 19.115 0.025
5955.71237 19.879 0.065
5956.71244 19.721 0.048
5958.72961 19.249 0.033
5959.70160 19.732 0.056
5960.70365 19.689 0.056
5961.63538 19.109 0.030
5962.63629 19.821 0.107
5963.60300 19.634 0.093
5964.61499 19.328 0.057
5965.61392 19.751 0.071
5967.63604 19.844 0.098
5968.63613 19.346 0.049
5969.61216 20.016 0.070
5970.58966 19.686 0.049
5971.68255 19.713 0.052
5972.66895 19.342 0.036
5973.65198 19.879 0.047
5976.64120 19.141 0.038
5977.67474 19.834 0.069
5978.65061 19.779 0.052
5979.60137 19.364 0.044
5980.61702 19.507 0.056
5981.64049 19.670 0.055
5982.64636 19.830 0.070
5983.68905 19.636 0.047
5984.62807 19.796 0.057
5985.66041 19.733 0.058
5986.59017 19.452 0.043
5987.66564 19.279 0.043
5988.63212 20.085 0.093
5989.59608 19.684 0.057
5990.58957 19.296 0.058
5991.66461 19.182 0.054
5992.62484 19.747 0.072
5993.58174 19.597 0.061
5994.58041 19.336 0.056
5995.62811 19.113 0.052
5996.59819 19.681 0.098
5997.60036 19.425 0.063
5998.59871 19.062 0.035
5998.65912 19.399 0.054
5999.63742 19.624 0.052
6000.61481 19.690 0.059
6002.57853 19.112 0.038
6003.54463 19.568 0.072
6004.58342 19.696 0.064
6005.57089 19.319 0.050
6006.57205 19.901 0.067
6007.57038 19.663 0.050
6009.54601 19.017 0.044
6010.59804 20.034 0.112
6011.56033 19.638 0.058
6012.55942 19.448 0.062
6013.54114 19.520 0.053
6014.56012 19.838 0.075
6015.55549 19.738 0.062
6016.59611 19.392 0.041
6017.55928 19.582 0.057
6019.56127 19.410 0.058
6020.58489 19.345 0.051
6021.57297 19.731 0.083
6022.58397 19.807 0.095
6023.55852 19.465 0.055
6024.58135 19.124 0.051
6025.58138 20.060 0.144
6026.52766 19.649 0.080
6028.56440 18.967 0.044
6032.50230 19.637 0.094
6033.48986 19.573 0.092
6034.49547 19.433 0.060
6035.52086 18.921 0.036
6036.49769 19.700 0.071
6038.48912 19.092 0.058
6040.49807 19.482 0.065
6042.49571 19.045 0.055
6047.47276 19.615 0.087
6048.47149 19.647 0.088
6049.49478 19.292 0.047
6052.48603 19.513 0.067
6053.48267 19.115 0.052
6055.49170 19.543 0.071
6056.47869 19.312 0.054
6057.47457 19.037 0.037
6058.47506 19.639 0.059
6059.47588 19.656 0.073
6060.47866 19.351 0.052
6061.46977 19.406 0.070
6062.46382 19.956 0.113
6123.91316 19.787 0.062
6137.91108 19.974 0.097
6149.93468 19.736 0.104
6165.91095 19.571 0.058
6171.87675 19.616 0.055
6174.90260 18.854 0.050
6179.90273 19.718 0.083
6180.85528 19.397 0.062
6181.86950 19.026 0.028
6182.87405 19.853 0.051
6183.87574 19.686 0.042
6184.90229 19.440 0.034
6185.85200 19.495 0.037
6186.85350 19.669 0.067
6191.87906 19.602 0.040
6193.86635 19.862 0.055
6194.88332 19.724 0.049
6196.87085 19.195 0.033
6199.81983 19.350 0.058
6202.82730 19.506 0.072
6204.86239 19.865 0.057
6207.87316 19.380 0.055
6208.78735 19.852 0.068
6210.87186 19.389 0.053
6212.82463 19.823 0.068
6216.82249 19.702 0.049
6221.82076 19.586 0.064
6222.82166 18.912 0.035
6223.77872 19.695 0.057
6224.84332 19.573 0.049
6225.72632 19.417 0.062
6226.73869 19.699 0.074
6229.78328 19.088 0.041
6230.72508 19.604 0.099
6231.74991 19.500 0.059
6232.81587 19.305 0.043
6233.82241 19.091 0.033
6234.82625 19.929 0.060
6235.77365 19.599 0.047
6236.79123 19.225 0.034
6237.86724 19.286 0.048
6238.82496 19.759 0.055
6239.79897 19.530 0.046
6240.84224 19.518 0.057
6241.79590 19.960 0.070
6242.83884 19.717 0.048
6243.80720 19.479 0.041
6244.74065 19.839 0.052
6245.76450 19.582 0.044
6248.78120 19.383 0.038
6251.77181 19.230 0.031
6254.78168 19.505 0.039
6257.80951 19.796 0.089
6262.73382 19.184 0.039
6265.80539 19.699 0.054
6270.82177 19.370 0.032
6274.81338 19.223 0.035
6278.76046 20.018 0.095
6282.78331 19.727 0.059
6286.71656 19.647 0.054
6289.78588 19.117 0.040
6294.80593 19.902 0.077
6299.76433 19.429 0.050
6306.70654 19.578 0.050
6312.67886 19.784 0.064
6317.68999 19.610 0.060
6323.66324 19.691 0.048
6329.62245 19.416 0.067
6333.61283 19.807 0.074
6340.62546 18.982 0.025
6343.56926 19.202 0.040
6347.59555 19.132 0.039
6348.59256 19.649 0.073
6350.63475 19.403 0.064
6351.60295 19.015 0.036
6352.61090 19.729 0.058
6353.62275 19.693 0.058
6354.58716 19.266 0.036
6355.57536 19.833 0.055
6356.61301 19.554 0.051
6356.66086 19.764 0.056
6357.63869 19.597 0.059
6358.53617 19.015 0.038
6363.53043 19.644 0.068
6387.52832 19.527 0.053
6396.53423 19.813 0.068
6404.51943 19.632 0.073
6414.46942 19.957 0.120
6416.47971 19.496 0.063
6416.49548 19.724 0.073
6508.93500 19.203 0.069
6520.88760 19.823 0.057
6531.89870 19.715 0.059
6547.86417 19.672 0.060
6561.83222 19.795 0.065
6571.83896 19.029 0.026
6577.87950 19.845 0.051
6583.78566 19.746 0.075
6608.82589 19.205 0.032
6612.76209 19.657 0.057
6616.72393 19.715 0.059
6622.77790 19.363 0.042
6628.80484 19.855 0.061
6638.73088 19.883 0.056
6645.72881 18.913 0.031
6649.73573 19.215 0.035
6654.75585 19.874 0.055
6658.76826 19.750 0.039
6662.73434 19.515 0.049
6667.79450 19.464 0.055
6672.76921 19.701 0.085
6680.76346 19.640 0.050
6690.64610 19.806 0.055
6697.70678 19.034 0.028
6705.67002 19.663 0.076
6712.63938 19.668 0.050
6720.67883 20.155 0.097
6871.91898 19.574 0.063
6887.91689 19.027 0.031
6896.88765 19.584 0.073
6907.86975 19.739 0.071
6926.79944 19.478 0.047
6932.80810 19.737 0.062
6938.79352 19.209 0.050
6942.79099 19.089 0.038
6950.84178 18.961 0.027
6956.84460 19.652 0.059
6961.83919 19.144 0.040
6967.71060 19.259 0.077
6973.71607 19.694 0.067
6980.75299 19.618 0.050
6987.78395 19.036 0.041
6992.75610 19.735 0.053
6997.76188 19.460 0.063
7002.70567 19.785 0.071
7007.71698 19.543 0.057
7013.67037 19.702 0.064
7016.77589 19.408 0.040
7020.77584 19.358 0.052
7024.75595 19.059 0.041
7028.70911 19.999 0.093
7033.76318 19.825 0.069
7037.73673 19.679 0.051
7042.73430 19.414 0.034
7046.73551 19.319 0.040
7051.72605 19.749 0.053
7056.66647 19.314 0.058
7062.65818 19.760 0.069
7074.66551 19.720 0.070
7080.58184 19.898 0.070
7083.60857 19.506 0.055
7086.61671 19.513 0.068
7091.59756 19.904 0.075
7103.56536 19.722 0.050
7112.57794 19.287 0.057
7115.57248 19.479 0.073
7119.53259 19.081 0.053
7126.52157 19.300 0.041
7131.52613 19.735 0.082
7134.49641 18.936 0.053
7137.52631 19.519 0.061
7143.49077 19.607 0.098
7277.89812 18.927 0.038
7287.89821 19.599 0.076
7292.83079 20.286 0.171
7294.79344 19.403 0.052
7297.79270 19.754 0.091
7304.87121 19.681 0.064
7312.78949 19.728 0.067
7319.76811 19.865 0.125
7322.74086 19.639 0.101
7327.84478 19.814 0.088
7339.75486 19.155 0.031
7345.71336 19.734 0.072
7354.79020 19.405 0.054
7361.81303 19.590 0.057
7366.68559 19.794 0.068
7373.83889 19.436 0.048
7377.81080 19.377 0.046
7382.70903 19.669 0.076
7385.72245 19.770 0.070
7390.74364 19.765 0.056
7399.74888 19.139 0.052
7404.73848 19.876 0.070
7408.71160 19.792 0.074
7410.71298 19.216 0.061
7413.67574 19.294 0.059
7416.68260 19.599 0.057
7424.62501 19.187 0.033
7427.65634 19.475 0.048
7431.65044 19.614 0.051
7435.64437 19.300 0.042
7439.65057 19.325 0.051
7443.62217 19.020 0.032
7449.62790 19.450 0.060
7453.60236 19.500 0.040
7462.61686 19.384 0.038
7466.56452 19.527 0.070
7472.57132 19.395 0.071
7476.52701 19.060 0.032
7488.48085 19.682 0.070
7499.50403 19.648 0.072
7507.47626 19.701 0.072
