5261.55558 18.640 0.035
5262.57301 18.482 0.030
5264.53953 18.948 0.042
5264.55446 19.004 0.044
5265.53441 18.910 0.055
5265.55586 18.862 0.055
5266.53621 18.664 0.041
5266.55185 18.660 0.043
5267.53498 18.386 0.032
5268.54682 19.051 0.069
5269.51899 18.912 0.046
5273.51694 19.090 0.055
5326.47610 18.915 0.049
5341.46197 18.994 0.085
5343.46439 18.618 0.063
5429.91758 18.839 0.034
5430.86886 18.693 0.053
5439.87734 18.844 0.047
5449.89592 18.956 0.041
5454.86089 18.842 0.034
5462.83796 18.808 0.046
5468.79398 19.018 0.053
5469.84604 18.830 0.033
5471.81674 18.689 0.032
5476.76093 18.568 0.029
5478.75790 18.957 0.039
5480.77521 18.788 0.038
5483.72733 18.994 0.044
5485.76954 18.772 0.030
5488.72622 18.977 0.046
5489.74737 18.930 0.042
5492.75711 18.475 0.031
5496.77914 18.747 0.053
5499.71628 18.930 0.040
5503.74166 19.119 0.046
5505.71134 18.848 0.044
5506.72825 18.693 0.029
5507.74695 18.492 0.024
5509.65536 18.945 0.047
5510.71126 18.878 0.035
5511.68680 18.676 0.037
5512.73051 18.574 0.027
5513.70077 19.143 0.058
5514.73330 18.933 0.038
5515.65056 18.798 0.048
5516.73610 18.798 0.036
5516.80251 18.867 0.037
5517.64850 18.666 0.039
5518.74565 18.734 0.055
5518.82568 18.621 0.042
5519.66916 18.966 0.072
5521.68889 18.823 0.054
5522.71399 18.611 0.056
5522.74825 18.674 0.043
5523.67872 19.039 0.057
5524.68215 18.895 0.042
5525.68520 18.836 0.037
5526.67228 18.715 0.033
5527.64950 18.488 0.024
5528.65721 19.131 0.051
5529.63795 18.914 0.038
5531.79851 18.926 0.033
5532.70639 18.637 0.026
5536.74068 18.883 0.037
5539.71743 19.091 0.043
5540.80155 19.142 0.047
5541.66773 18.923 0.043
5542.72615 18.748 0.033
5543.75758 18.682 0.042
5544.74519 18.736 0.031
5545.73446 19.040 0.050
5546.68411 18.948 0.054
5547.74386 18.832 0.042
5548.70384 18.576 0.034
5549.66838 19.092 0.061
5550.72380 19.029 0.055
5551.67435 18.840 0.054
5553.72734 18.619 0.038
5554.66071 19.171 0.068
5556.67529 18.918 0.039
5557.65646 18.734 0.034
5558.65739 18.513 0.028
5560.63917 19.004 0.040
5561.67280 18.933 0.047
5562.69236 18.743 0.036
5563.62635 18.434 0.031
5565.65759 18.963 0.049
5566.68490 18.945 0.041
5568.70517 18.725 0.041
5569.69972 18.440 0.031
5571.66961 19.024 0.046
5572.78619 18.839 0.039
5575.69177 19.155 0.046
5576.66598 18.980 0.037
5577.66754 18.788 0.039
5578.67243 18.760 0.038
5579.71791 18.610 0.042
5580.66837 19.065 0.044
5581.67039 18.937 0.055
5582.67862 19.021 0.055
5583.68540 18.770 0.035
5584.67140 18.607 0.032
5585.67126 19.040 0.046
5586.63503 18.969 0.043
5587.61715 18.799 0.038
5588.72109 18.833 0.047
5589.62642 18.591 0.029
5591.66453 18.970 0.034
5592.64675 18.993 0.037
5594.64591 18.688 0.030
5595.62350 18.949 0.041
5596.68773 18.986 0.041
5597.60516 18.900 0.046
5599.63511 18.701 0.038
5600.66785 18.566 0.028
5601.64747 19.026 0.035
5602.64618 19.054 0.046
5603.65495 18.783 0.042
5604.65208 18.723 0.038
5605.65645 18.529 0.027
5606.66855 19.206 0.064
5607.67905 18.996 0.054
5608.66683 18.960 0.064
5609.69857 18.749 0.042
5611.62843 19.076 0.089
5612.68164 19.070 0.090
5613.64317 18.972 0.062
5614.63649 18.736 0.039
5615.63055 18.520 0.030
5620.57235 18.483 0.035
5623.58738 19.012 0.051
5624.52849 18.766 0.053
5626.58124 19.118 0.062
5627.54594 18.945 0.038
5629.55164 18.726 0.037
5630.59763 18.610 0.041
5632.54568 18.899 0.049
5633.59474 18.939 0.049
5635.55944 18.566 0.042
5639.57431 18.833 0.060
5640.51331 18.613 0.065
5641.54098 19.151 0.065
5642.48921 18.975 0.082
5643.48698 18.938 0.132
5644.48875 18.733 0.067
5645.48848 18.632 0.078
5646.50149 19.052 0.063
5647.50343 19.074 0.050
5648.50330 18.868 0.053
5649.51888 18.717 0.044
5650.49929 18.510 0.033
5651.50527 18.937 0.038
5652.50019 18.928 0.043
5653.53032 18.904 0.044
5654.53877 18.830 0.047
5655.52997 18.686 0.036
5657.49882 18.923 0.054
5659.49810 18.736 0.040
5664.47770 18.724 0.065
5665.49293 18.621 0.055
5666.48975 18.676 0.056
5667.47121 19.078 0.092
5668.47749 19.047 0.097
5669.47151 18.815 0.063
5671.47333 18.739 0.071
5672.46785 18.988 0.079
5674.47505 18.942 0.074
5675.46922 18.684 0.071
5676.52414 18.530 0.015
5677.46512 19.013 0.065
5678.50016 19.060 0.049
5679.46746 18.892 0.056
5680.51591 18.840 0.052
5681.47891 18.607 0.049
5682.47940 19.187 0.079
5683.48439 19.092 0.061
5684.48859 18.967 0.053
5685.46021 18.768 0.095
5686.46209 18.447 0.038
5687.46281 19.260 0.118
5691.45575 18.490 0.080
5692.50030 18.430 0.051
5694.46187 18.870 0.071
5695.45630 18.822 0.075
5696.46524 18.731 0.068
5697.45513 19.083 0.107
5699.46467 18.926 0.095
5700.45626 18.986 0.094
5702.45316 18.634 0.085
5783.92992 18.714 0.033
5795.91940 19.050 0.052
5803.86473 18.676 0.034
5805.82916 18.961 0.049
5806.88020 18.905 0.038
5809.84149 18.533 0.024
5810.84455 18.988 0.046
5812.83736 18.826 0.039
5814.85418 18.641 0.043
5815.86581 18.939 0.051
5816.83994 19.057 0.065
5817.84053 18.934 0.046
5818.86966 18.826 0.047
5819.82360 18.532 0.032
5820.89105 18.409 0.026
5822.74756 18.904 0.065
5822.81126 18.895 0.042
5822.86266 18.972 0.040
5823.74889 18.647 0.036
5823.81874 18.676 0.033
5823.88612 18.948 0.041
5824.74613 18.642 0.041
5824.80808 18.479 0.028
5825.74572 18.968 0.036
5825.79633 19.139 0.040
5825.85038 18.555 0.028
5826.72672 18.919 0.047
5826.78767 19.035 0.041
5826.84481 19.110 0.044
5827.71453 18.806 0.040
5827.77986 18.892 0.035
5827.83878 18.936 0.036
5828.71520 18.574 0.027
5828.80057 18.718 0.029
5828.85142 18.838 0.034
5829.72135 18.559 0.024
5829.77199 18.416 0.020
5829.83771 18.550 0.025
5830.71279 19.030 0.042
5830.76800 19.076 0.042
5831.82159 19.023 0.032
5832.81107 18.957 0.033
5833.79538 18.784 0.035
5834.79632 18.514 0.024
5835.85622 18.334 0.029
5836.75942 19.012 0.036
5839.82370 18.642 0.032
5840.80664 18.538 0.028
5841.80366 19.027 0.047
5842.82187 19.167 0.071
5843.83732 18.858 0.042
5845.80137 18.494 0.050
5846.81281 19.080 0.088
5850.77660 18.448 0.026
5851.78569 19.111 0.057
5852.76813 18.977 0.058
5853.83916 18.962 0.051
5854.74319 18.664 0.029
5855.81320 18.599 0.028
5856.78572 19.139 0.069
5857.77004 18.969 0.061
5858.81997 18.995 0.065
5859.78789 18.815 0.037
5860.77352 18.611 0.032
5861.78254 19.069 0.046
5863.78444 18.867 0.036
5864.69302 18.627 0.027
5865.76162 18.666 0.033
5866.78670 18.831 0.036
5867.72412 18.930 0.036
5868.82705 18.880 0.031
5869.79257 18.795 0.032
5870.73240 18.657 0.031
5871.71844 19.028 0.043
5872.72781 18.864 0.035
5873.72300 18.920 0.047
5874.75661 18.858 0.064
5875.69252 18.621 0.042
5878.71229 19.004 0.078
5879.67753 18.687 0.050
5880.72896 18.692 0.033
5880.77999 18.765 0.047
5881.71560 18.897 0.036
5882.74636 19.071 0.046
5883.75031 18.958 0.052
5885.68122 18.706 0.050
5886.71768 18.880 0.064
5887.79002 18.981 0.035
5888.77864 18.949 0.040
5889.82504 18.958 0.048
5890.75440 18.763 0.034
5891.71304 18.489 0.034
5892.73081 19.112 0.053
5894.77237 18.939 0.047
5895.78947 18.750 0.039
5896.77251 18.607 0.034
5897.71931 19.180 0.047
5898.70150 19.041 0.046
5899.76068 18.902 0.037
5903.76599 19.084 0.063
5904.74057 18.956 0.048
5906.72654 18.469 0.044
5908.72933 19.140 0.057
5910.68719 18.773 0.038
5911.71906 18.510 0.028
5912.73957 18.575 0.030
5913.71146 19.029 0.037
5914.73411 19.017 0.034
5915.69110 18.776 0.028
5916.74498 18.630 0.028
5917.70861 18.698 0.027
5922.72563 18.386 0.023
5923.70189 18.994 0.032
5924.68319 18.943 0.037
5925.69721 18.865 0.052
5926.70904 18.778 0.039
5927.70801 18.556 0.035
5929.68219 18.885 0.041
5930.82735 19.026 0.041
5931.64774 18.738 0.039
5932.64517 18.872 0.048
5933.69559 19.064 0.058
5934.69206 18.913 0.040
5936.63705 18.644 0.040
5937.66728 18.582 0.032
5938.66770 19.108 0.049
5941.74767 18.800 0.043
5942.77202 18.855 0.038
5943.72950 18.688 0.035
5944.72436 19.062 0.040
5945.70264 18.926 0.037
5946.64237 18.696 0.029
5947.70938 18.804 0.047
5948.69864 18.756 0.030
5949.71482 18.995 0.055
5950.63587 18.836 0.034
5951.66118 18.754 0.042
5952.68575 18.745 0.029
5953.68373 18.685 0.038
5954.68131 19.012 0.031
5955.70328 19.013 0.049
5956.70396 18.822 0.032
5958.72111 18.619 0.026
5959.69242 19.004 0.042
5960.69350 18.984 0.038
5961.62689 18.748 0.032
5962.62782 18.544 0.037
5963.59447 18.957 0.060
5964.60646 19.096 0.070
5965.60543 19.055 0.055
5967.62758 18.630 0.043
5968.62768 18.425 0.031
5969.60366 18.999 0.046
5970.58116 18.871 0.032
5971.67407 18.930 0.033
5974.59853 19.169 0.050
5976.63270 18.939 0.041
5978.64210 18.427 0.024
5979.59286 19.044 0.041
5980.60852 18.893 0.047
5981.63201 19.058 0.047
5982.63788 18.809 0.040
5983.68055 18.589 0.026
5984.61955 19.136 0.044
5985.65190 18.956 0.046
5986.58165 18.904 0.036
5989.58763 19.184 0.049
5990.58112 19.063 0.055
5991.65613 18.928 0.057
5992.61634 18.724 0.040
5993.57324 18.344 0.030
5997.59186 18.899 0.059
5998.59021 18.570 0.032
5998.65067 18.692 0.041
5999.62896 18.548 0.029
6000.60634 18.971 0.042
6002.57007 18.765 0.041
6003.53616 18.543 0.036
6005.54606 19.092 0.067
6006.52584 18.813 0.037
6007.51017 18.837 0.039
6007.61336 18.957 0.038
6007.61568 18.857 0.037
6008.53688 18.554 0.030
6008.59750 18.697 0.034
6009.49379 19.269 0.095
6009.57220 18.812 0.047
6010.48667 19.093 0.102
6010.58959 19.036 0.069
6011.55186 18.998 0.046
6011.62340 19.003 0.049
6012.52861 18.866 0.057
6012.60483 18.891 0.043
6013.53267 18.668 0.033
6013.60528 18.774 0.037
6014.55166 18.726 0.037
6014.60077 18.563 0.031
6015.54679 19.059 0.047
6015.58192 19.057 0.046
6016.58763 18.964 0.042
6017.55051 18.797 0.046
6018.50497 18.757 0.049
6019.55072 18.616 0.038
6020.57643 18.967 0.047
6021.56451 18.950 0.065
6022.57456 18.846 0.057
6023.55006 18.685 0.042
6024.57290 18.697 0.052
6025.57293 19.010 0.058
6026.51922 18.930 0.073
6028.55600 18.669 0.047
6033.48145 18.711 0.054
6034.48707 18.566 0.041
6035.51244 19.097 0.055
6036.48927 18.899 0.051
6037.48900 18.827 0.053
6038.48070 18.746 0.060
6039.48738 18.543 0.051
6040.48967 19.023 0.050
6042.48729 18.904 0.053
6047.46436 18.998 0.094
6048.46307 18.700 0.065
6049.48640 18.499 0.035
6050.46199 19.057 0.076
6052.47769 18.829 0.057
6053.47427 18.757 0.059
6055.48333 18.963 0.055
6056.47034 19.001 0.055
6057.46621 19.051 0.059
6058.45772 18.878 0.067
6059.46751 18.547 0.036
6060.47030 18.749 0.047
6123.90494 19.046 0.049
6137.90288 19.120 0.055
6149.92649 19.016 0.056
6165.90270 18.946 0.044
6179.88743 18.957 0.068
6180.84704 18.919 0.055
6182.86582 18.694 0.031
6183.86747 18.651 0.025
6193.85809 18.445 0.029
6194.87477 18.972 0.033
6202.81902 18.653 0.048
6208.78115 18.690 0.038
6212.81635 18.750 0.040
6214.86751 18.688 0.044
6216.81418 18.901 0.034
6222.80199 18.804 0.055
6226.73034 18.885 0.049
6230.71676 18.891 0.070
6233.81357 18.706 0.033
6234.81794 18.469 0.027
6236.78286 18.908 0.035
6237.85888 19.004 0.043
6242.83042 18.945 0.036
6245.75613 19.046 0.040
6257.80056 19.123 0.064
6262.72541 18.918 0.035
6270.81330 18.563 0.024
6294.79748 18.843 0.035
6329.61394 18.882 0.039
6347.58709 18.999 0.043
6371.53521 18.607 0.035
6378.52955 19.059 0.052
6520.87934 18.564 0.025
6531.88859 19.183 0.047
6569.89368 18.953 0.040
6577.86391 18.684 0.024
6583.77734 18.887 0.041
6608.81750 19.069 0.034
6628.79518 18.474 0.021
6645.72035 18.949 0.036
6649.72686 19.061 0.042
6654.74223 19.045 0.038
6658.76151 18.671 0.020
6662.72445 18.874 0.035
6667.77903 18.966 0.048
6672.76068 18.869 0.044
6680.75496 19.043 0.035
6690.63756 19.039 0.037
6697.69828 18.886 0.028
6705.66154 18.980 0.043
6712.63088 18.947 0.034
6720.67030 18.549 0.027
6736.60090 19.273 0.083
6871.90576 18.813 0.036
6887.90866 18.676 0.027
6896.87887 18.981 0.055
6907.86146 18.767 0.037
6926.79115 18.893 0.033
6938.78523 18.645 0.039
6942.78270 18.864 0.037
6950.83346 18.334 0.020
6956.83623 19.041 0.042
6961.83087 19.184 0.050
6967.70222 19.017 0.072
6973.70771 18.764 0.035
6980.74455 18.521 0.026
6987.77554 18.933 0.037
6992.74764 18.965 0.040
6997.75272 19.016 0.055
7002.68911 18.952 0.039
7007.71061 18.956 0.041
7013.66397 19.010 0.042
7016.76741 18.604 0.026
7020.75831 18.889 0.043
7024.74748 19.044 0.051
7028.70062 19.004 0.060
7033.75467 19.159 0.056
7042.72579 18.407 0.020
7046.72698 18.830 0.034
7051.71015 18.676 0.028
7056.65795 18.763 0.043
7062.64910 18.529 0.027
7074.65701 19.009 0.041
7080.57337 18.829 0.036
7083.60009 18.868 0.039
7086.60817 18.792 0.049
7091.58909 18.860 0.036
7103.55689 18.419 0.024
7115.56400 18.914 0.052
7119.52413 19.165 0.071
7126.51314 18.868 0.036
7131.51771 18.818 0.042
7134.48802 19.051 0.063
7143.48237 18.374 0.053
7273.90266 19.162 0.058
7274.91386 18.889 0.048
7292.81351 18.704 0.054
7297.78440 18.726 0.041
7304.86291 19.051 0.044
7312.78075 18.606 0.032
7319.75011 18.989 0.069
7322.73253 18.517 0.040
7345.70459 19.018 0.047
7354.78181 18.497 0.031
7361.80411 18.880 0.037
7373.82984 18.780 0.032
7377.80236 18.958 0.041
7382.70021 18.899 0.049
7385.71400 18.976 0.044
7390.73515 18.790 0.034
7399.74041 18.784 0.040
7404.72997 18.660 0.027
7408.70311 18.889 0.049
7410.70448 18.381 0.033
7413.66724 18.828 0.049
7416.67409 19.122 0.047
7424.61651 18.722 0.035
7427.65201 19.012 0.035
7431.64070 19.062 0.037
7435.63511 18.536 0.030
7439.64165 18.771 0.037
7443.61098 18.840 0.033
7449.61902 18.860 0.037
7453.59385 18.997 0.033
7462.60838 19.040 0.034
7466.55606 18.716 0.044
7472.56287 19.101 0.057
7476.51855 18.633 0.032
7488.47239 18.899 0.072
7499.49560 18.953 0.052
7507.46155 19.066 0.089
