5260.60999 18.680 0.040
5261.52500 18.684 0.046
5262.62168 18.939 0.046
5263.60249 19.077 0.062
5264.58765 19.019 0.050
5265.51922 18.952 0.068
5266.58412 18.635 0.046
5267.59643 18.492 0.039
5268.58013 18.668 0.051
5269.54932 18.723 0.043
5270.56648 18.865 0.040
5271.55829 18.987 0.050
5273.54724 19.012 0.048
5274.57825 18.507 0.038
5275.56170 18.422 0.032
5276.55737 18.625 0.033
5279.54577 18.977 0.070
5280.54408 18.988 0.062
5281.52098 19.044 0.061
5282.53995 18.937 0.058
5283.49161 18.894 0.087
5286.52107 18.805 0.053
5288.53773 18.938 0.060
5291.52926 18.382 0.032
5294.56105 18.931 0.057
5295.48223 18.881 0.073
5296.57223 19.037 0.060
5298.55289 18.400 0.038
5430.89965 19.004 0.072
5439.90894 19.038 0.065
5445.84177 18.869 0.042
5449.82669 19.159 0.059
5453.88174 18.987 0.041
5455.85530 19.056 0.047
5457.89839 18.388 0.026
5462.89447 19.000 0.064
5465.85717 18.391 0.047
5468.82394 18.778 0.046
5470.79638 18.956 0.041
5471.84672 18.983 0.042
5473.77483 19.028 0.047
5477.75061 18.716 0.029
5478.79103 18.957 0.042
5481.73024 18.999 0.048
5482.78103 18.339 0.030
5484.77510 18.659 0.036
5485.78445 18.879 0.041
5486.86984 19.017 0.068
5487.86652 19.017 0.047
5488.87543 18.440 0.028
5490.72646 19.036 0.062
5491.74695 18.540 0.039
5492.76951 18.700 0.042
5493.79181 18.823 0.054
5494.83652 18.933 0.062
5495.79370 18.940 0.049
5496.79150 19.024 0.077
5497.82169 18.331 0.035
5499.72870 18.457 0.033
5502.79884 18.964 0.041
5503.75409 18.962 0.041
5505.72375 18.950 0.052
5506.74124 18.322 0.025
5507.75936 18.590 0.026
5509.66776 18.631 0.036
5510.72368 18.847 0.040
5511.69987 18.927 0.046
5512.74292 18.984 0.044
5513.71321 18.990 0.046
5514.74576 18.374 0.025
5515.66303 18.465 0.037
5516.74857 18.767 0.038
5517.66168 18.715 0.046
5518.75809 18.961 0.076
5519.68452 18.876 0.078
5521.70136 19.039 0.081
5522.72649 18.282 0.040
5523.69120 18.422 0.036
5524.69962 18.681 0.035
5525.73272 18.822 0.039
5526.68475 18.867 0.041
5527.76550 18.944 0.038
5528.70653 18.967 0.056
5529.68686 19.040 0.050
5530.69408 18.607 0.036
5531.77726 18.707 0.032
5532.68537 18.690 0.037
5533.70872 18.828 0.046
5534.74026 18.951 0.044
5535.71706 18.969 0.044
5536.71972 18.982 0.044
5539.72996 18.634 0.035
5540.81412 18.943 0.041
5541.68030 18.765 0.049
5542.73868 18.969 0.039
5543.77024 19.050 0.060
5544.75773 19.084 0.047
5545.74698 18.361 0.033
5546.69666 18.300 0.033
5547.75646 18.738 0.046
5548.71769 18.819 0.050
5549.68258 18.854 0.057
5550.73642 18.995 0.057
5551.68691 19.005 0.068
5553.73998 18.376 0.033
5554.67330 18.363 0.037
5556.68793 18.734 0.037
5557.66907 18.789 0.037
5558.66998 18.922 0.043
5560.65186 19.019 0.047
5561.68543 19.022 0.062
5562.70501 18.422 0.029
5563.63896 18.427 0.033
5565.67028 18.812 0.044
5566.69756 18.941 0.040
5568.71787 19.082 0.061
5569.71241 18.401 0.030
5570.75193 18.637 0.037
5571.68297 18.628 0.033
5572.80016 19.005 0.054
5575.70448 18.942 0.044
5576.67869 19.007 0.040
5577.68024 18.842 0.042
5578.68725 18.476 0.036
5579.73739 18.735 0.055
5580.68107 18.732 0.037
5581.68401 18.836 0.051
5582.69133 18.961 0.055
5583.69810 18.993 0.044
5584.68412 19.076 0.053
5585.68398 18.472 0.032
5586.64775 18.326 0.030
5587.62988 18.461 0.038
5588.73385 18.913 0.057
5589.63990 18.851 0.036
5591.67723 18.990 0.037
5592.65948 19.068 0.038
5593.64245 19.042 0.046
5594.65866 18.436 0.030
5595.63732 18.627 0.032
5596.70049 18.852 0.034
5597.61795 18.827 0.046
5598.68422 18.978 0.038
5599.64785 19.021 0.053
5600.68060 19.107 0.043
5601.66023 18.493 0.026
5602.65896 18.468 0.029
5603.66771 18.661 0.042
5604.66811 18.750 0.046
5605.66996 18.979 0.040
5606.68131 19.031 0.050
5607.69274 19.028 0.059
5608.67960 19.072 0.082
5609.71134 18.489 0.043
5611.64189 18.651 0.053
5612.69442 18.942 0.065
5613.65690 18.878 0.054
5614.64955 18.980 0.050
5615.64335 19.003 0.048
5616.65210 19.061 0.051
5619.64259 18.683 0.034
5622.63726 18.941 0.056
5623.60015 18.959 0.053
5624.54123 18.945 0.061
5625.63289 18.388 0.030
5626.59401 18.364 0.034
5627.55871 18.420 0.029
5629.59895 18.840 0.037
5630.61038 19.012 0.059
5632.55851 19.072 0.069
5633.60750 18.725 0.040
5634.56791 18.350 0.033
5635.57223 18.534 0.043
5638.57685 18.904 0.083
5639.58710 18.895 0.072
5640.52610 18.864 0.074
5641.55376 19.037 0.061
5642.50200 19.125 0.052
5643.49978 18.331 0.030
5644.50252 18.571 0.037
5645.50125 18.638 0.052
5646.51425 18.767 0.044
5647.51621 19.010 0.054
5648.51692 18.926 0.050
5649.53165 19.067 0.056
5650.51207 19.002 0.048
5651.51800 18.385 0.026
5652.51295 18.668 0.038
5653.54303 18.815 0.044
5654.55157 19.011 0.055
5655.54273 19.019 0.053
5656.55164 19.036 0.051
5657.51158 19.007 0.058
5659.51088 18.425 0.032
5660.55626 18.735 0.044
5665.50569 19.002 0.075
5666.50251 18.816 0.067
5667.48469 18.402 0.042
5668.49022 18.682 0.054
5669.48425 18.818 0.054
5670.53571 18.968 0.064
5671.48609 18.987 0.092
5672.48055 19.068 0.062
5674.48907 18.816 0.046
5675.48193 18.439 0.039
5676.53685 18.653 0.016
5677.47866 18.700 0.038
5678.51286 18.966 0.048
5679.48051 18.924 0.054
5680.52857 19.078 0.067
5681.49255 18.989 0.058
5682.49270 18.483 0.042
5683.49726 18.581 0.043
5684.50130 18.760 0.050
5685.47384 18.754 0.052
5686.47472 18.880 0.041
5687.47547 18.904 0.063
5691.46841 18.445 0.046
5692.51744 18.729 0.070
5694.48502 18.853 0.067
5695.46945 18.985 0.059
5696.47784 19.010 0.082
5697.46777 19.087 0.071
5698.46940 18.559 0.063
5699.47730 18.564 0.061
5700.46889 18.692 0.061
5702.46578 19.012 0.073
5706.46548 18.396 0.040
5784.92580 18.817 0.049
5795.93177 18.734 0.064
5803.87706 18.738 0.043
5805.84154 18.893 0.048
5806.89254 18.961 0.039
5809.85377 18.370 0.023
5810.85688 18.579 0.039
5812.84968 18.796 0.036
5814.86648 18.996 0.057
5814.89871 19.037 0.063
5815.87812 18.988 0.048
5816.85225 19.149 0.099
5817.85340 18.335 0.030
5818.88195 18.681 0.047
5819.83592 18.629 0.037
5820.90336 18.961 0.052
5822.82357 19.068 0.054
5823.89844 19.153 0.067
5824.82041 19.036 0.044
5825.80866 18.886 0.036
5826.85715 18.619 0.034
5827.85112 18.671 0.032
5828.87733 18.888 0.039
5829.85070 18.950 0.034
5830.84228 19.021 0.042
5831.83396 18.958 0.035
5832.82335 19.019 0.040
5833.80773 18.588 0.035
5834.80865 18.499 0.027
5835.86857 18.822 0.039
5836.77509 18.713 0.033
5837.85441 18.952 0.046
5839.83606 18.937 0.044
5840.81901 19.081 0.046
5841.81661 18.319 0.030
5842.83419 18.624 0.046
5843.84968 18.791 0.038
5845.86469 18.984 0.088
5850.78901 18.490 0.031
5851.79806 18.679 0.040
5852.78179 18.792 0.059
5854.75685 18.947 0.040
5855.82655 18.971 0.035
5856.79812 19.091 0.084
5857.78297 18.448 0.046
5858.83232 18.653 0.053
5859.80085 18.737 0.040
5860.78593 18.834 0.044
5861.79493 18.907 0.052
5863.79685 18.974 0.041
5864.70540 19.009 0.044
5865.77498 18.402 0.031
5866.79911 18.549 0.031
5867.73801 18.585 0.035
5868.83947 18.969 0.040
5869.80500 18.979 0.038
5870.74480 18.974 0.042
5871.73088 18.924 0.041
5872.74025 19.030 0.044
5873.73547 19.089 0.055
5874.76902 18.570 0.040
5875.70496 18.539 0.042
5878.75473 18.942 0.083
5879.68999 18.953 0.072
5880.74144 19.053 0.057
5880.79247 18.902 0.056
5881.72802 19.001 0.049
5882.75882 18.484 0.030
5883.76276 18.669 0.044
5885.69406 18.861 0.065
5886.73013 18.971 0.070
5887.80249 19.067 0.043
5888.79115 18.625 0.039
5889.83334 18.612 0.038
5890.76686 18.493 0.033
5891.72555 18.625 0.038
5892.74329 18.796 0.040
5893.76141 18.912 0.041
5894.78486 19.062 0.046
5895.80197 19.025 0.052
5896.78502 18.513 0.031
5897.73184 18.410 0.026
5898.71402 18.440 0.028
5899.77319 18.804 0.042
5900.72282 18.816 0.039
5901.77212 18.978 0.057
5902.72337 18.926 0.064
5903.77855 19.179 0.070
5904.75315 18.942 0.051
5905.72723 18.375 0.036
5906.73911 18.571 0.041
5907.71718 18.757 0.050
5908.74247 18.894 0.052
5910.69979 18.995 0.050
5911.73163 18.982 0.044
5912.75210 18.735 0.034
5913.72405 18.313 0.023
5914.74668 18.601 0.029
5915.70371 18.701 0.029
5916.75758 18.874 0.035
5917.72122 18.894 0.039
5922.73828 18.626 0.029
5923.71451 18.730 0.028
5924.69581 18.820 0.037
5925.70986 18.982 0.049
5926.72165 18.997 0.046
5927.72066 18.951 0.049
5929.69482 18.355 0.028
5930.84000 18.843 0.039
5931.66130 18.649 0.046
5932.65858 18.785 0.046
5933.70901 18.999 0.058
5934.70506 18.951 0.050
5936.65019 19.092 0.068
5937.67992 18.398 0.029
5938.68070 18.457 0.032
5939.72446 18.750 0.042
5940.76042 18.915 0.048
5941.76037 18.985 0.051
5942.78516 19.113 0.047
5943.74220 19.049 0.052
5944.73547 18.302 0.021
5945.71574 18.447 0.026
5946.65561 18.442 0.026
5946.77196 18.731 0.044
5947.72254 18.802 0.040
5948.71136 18.923 0.048
5949.72755 18.975 0.049
5950.64855 18.974 0.037
5951.67392 18.953 0.049
5952.69851 18.775 0.032
5953.69646 18.493 0.032
5954.69399 18.670 0.026
5955.71660 18.854 0.040
5956.71668 18.950 0.039
5958.73387 19.022 0.047
5959.70585 19.100 0.047
5960.70790 18.357 0.026
5961.63962 18.477 0.029
5962.64053 18.552 0.042
5963.60724 18.554 0.068
5964.61922 18.787 0.052
5965.61816 18.938 0.055
5967.64030 19.031 0.071
5968.64041 19.089 0.058
5969.61645 18.737 0.034
5970.59394 18.345 0.025
5971.68682 18.786 0.033
5972.67321 18.870 0.037
5973.65626 18.978 0.033
5974.61132 19.003 0.056
5976.64547 18.977 0.049
5977.67902 18.529 0.032
5978.65546 18.642 0.031
5979.60564 18.674 0.036
5980.62130 18.955 0.051
5981.64478 18.960 0.048
5982.65066 18.998 0.056
5983.69332 19.102 0.041
5984.63235 19.013 0.044
5985.66469 18.490 0.032
5986.59447 18.454 0.029
5987.66992 18.803 0.042
5988.63641 18.829 0.047
5989.60035 18.923 0.046
5990.59386 18.872 0.062
5991.66890 18.943 0.069
5992.62915 19.033 0.060
5993.58603 18.697 0.048
5994.58469 18.459 0.044
5995.63242 18.699 0.055
5996.60248 18.845 0.072
5997.60467 18.910 0.058
5998.60302 18.962 0.051
5998.66343 19.054 0.057
5999.64375 19.007 0.048
6000.61912 19.150 0.056
6002.58285 18.512 0.034
6003.54894 18.525 0.038
6004.60935 18.837 0.048
6005.57702 18.959 0.049
6006.57637 18.982 0.049
6007.57470 18.946 0.040
6008.60916 19.056 0.044
6009.55032 19.196 0.076
6010.60237 18.652 0.043
6011.56465 18.664 0.039
6012.56373 18.884 0.054
6013.54548 18.906 0.046
6014.56442 18.966 0.049
6015.55980 19.017 0.049
6016.60043 18.997 0.046
6017.56360 18.316 0.035
6018.51900 18.332 0.036
6019.56606 18.634 0.040
6020.58920 18.876 0.046
6021.57729 18.912 0.062
6022.58878 18.993 0.075
6023.56284 18.959 0.053
6024.58567 18.930 0.062
6025.58567 18.337 0.046
6026.53199 18.494 0.057
6028.56873 18.909 0.064
6031.51410 18.916 0.070
6032.50663 19.108 0.084
6033.49419 19.209 0.096
6034.49978 18.385 0.037
6035.52518 18.653 0.041
6036.50201 18.670 0.043
6037.50170 18.921 0.079
6038.49340 18.967 0.087
6039.50009 19.008 0.075
6040.50239 19.122 0.069
6047.47706 19.003 0.069
6048.47578 19.027 0.072
6049.49908 18.904 0.051
6050.47467 18.295 0.039
6052.49035 18.710 0.055
6053.48740 18.926 0.072
6055.49599 18.984 0.064
6056.48299 18.963 0.056
6057.48895 18.824 0.046
6058.48654 18.415 0.031
6059.48019 18.549 0.039
6060.48295 18.771 0.050
6061.47408 18.836 0.055
6062.46812 19.010 0.069
6064.46988 19.101 0.072
6070.47130 18.998 0.076
6123.91732 18.692 0.036
6137.91523 18.461 0.035
6149.93879 18.938 0.113
6165.91504 19.002 0.050
6171.88082 18.764 0.041
6174.90666 18.943 0.063
6179.90680 18.908 0.060
6180.85936 18.767 0.058
6181.87357 18.941 0.041
6182.87811 18.946 0.039
6183.87982 19.086 0.035
6184.90634 18.378 0.025
6185.85605 18.482 0.027
6186.85754 18.664 0.035
6191.88313 19.018 0.034
6193.87040 18.612 0.031
6194.88738 18.762 0.031
6196.87283 18.939 0.043
6199.82181 19.064 0.076
6202.82927 18.674 0.054
6204.86436 18.887 0.037
6207.87720 18.847 0.055
6210.87592 18.723 0.040
6212.82866 18.965 0.046
6214.87987 19.014 0.070
6215.86371 18.824 0.038
6216.82652 18.365 0.023
6219.81151 18.793 0.041
6221.82480 18.989 0.047
6222.82570 18.934 0.053
6223.78279 19.022 0.049
6224.84839 18.361 0.027
6225.73037 18.869 0.055
6226.74274 18.479 0.037
6229.78525 19.039 0.062
6230.72916 18.912 0.064
6231.75396 18.929 0.059
6232.81992 18.375 0.027
6233.82647 18.588 0.033
6234.83032 18.689 0.031
6235.77771 18.852 0.040
6236.79529 18.865 0.038
6237.87131 18.952 0.065
6238.82905 19.018 0.042
6239.80306 19.084 0.047
6240.84633 18.511 0.036
6241.79997 18.547 0.031
6242.84292 18.814 0.032
6243.81128 18.847 0.039
6244.74473 18.837 0.036
6245.76856 19.028 0.041
6248.78528 18.323 0.025
6251.77589 18.772 0.027
6254.78579 19.042 0.036
6257.81416 18.707 0.041
6262.73792 18.957 0.038
6265.80992 18.748 0.029
6270.82591 19.070 0.039
6274.81754 18.829 0.032
6278.76462 18.990 0.044
6282.78746 18.776 0.034
6286.72070 19.011 0.042
6289.79005 18.595 0.035
6294.81196 18.972 0.046
6299.76850 18.782 0.038
6306.70866 18.712 0.035
6312.68309 18.572 0.028
6317.69423 18.921 0.043
6323.66748 18.730 0.032
6329.62671 18.335 0.029
6333.61711 18.914 0.043
6334.63722 18.986 0.034
6340.62973 18.783 0.030
6343.57354 19.014 0.048
6347.59982 18.683 0.037
6351.60515 19.042 0.050
6352.61310 19.007 0.042
6353.62496 18.438 0.028
6354.58938 18.568 0.028
6355.57844 18.650 0.027
6356.61728 18.931 0.038
6356.66308 18.886 0.032
6357.64091 19.025 0.039
6358.53839 18.819 0.042
6363.53474 18.587 0.038
6368.54760 19.042 0.050
6369.55693 18.329 0.021
6370.53801 18.480 0.032
6371.54048 18.615 0.036
6373.54314 18.932 0.040
6374.53116 19.059 0.048
6375.52369 19.034 0.047
6376.54565 19.182 0.072
6378.52001 18.380 0.033
6378.56176 18.492 0.034
6379.53393 18.754 0.047
6380.54482 18.850 0.048
6381.54671 18.913 0.038
6382.53799 19.049 0.047
6383.62163 18.948 0.053
6383.62512 18.979 0.056
6387.53272 18.665 0.035
6396.53859 18.909 0.039
6404.52375 18.893 0.058
6416.49982 19.061 0.053
6508.93916 18.981 0.096
6520.89171 18.311 0.021
6531.90283 18.837 0.040
6547.86824 18.892 0.035
6561.83629 18.535 0.029
6571.84302 18.896 0.032
6577.88358 18.658 0.031
6583.78976 19.011 0.050
6608.83000 18.521 0.024
6612.76619 18.832 0.038
6616.72805 18.982 0.041
6622.78200 19.027 0.047
6628.80966 19.001 0.036
6638.73503 18.958 0.034
6645.73296 19.054 0.049
6649.73993 18.584 0.029
6654.76005 19.105 0.035
6658.77247 18.877 0.026
6662.73855 19.070 0.044
6667.80088 18.919 0.047
6672.77342 18.651 0.049
6680.76771 18.727 0.032
6690.65036 18.741 0.028
6697.71106 18.803 0.029
6705.67429 18.662 0.038
6712.64367 18.361 0.023
6720.68313 18.593 0.032
6736.61368 18.402 0.039
6871.92313 18.449 0.031
6887.92098 18.355 0.026
6896.89174 18.554 0.035
6907.87446 18.924 0.049
6926.80353 19.031 0.042
6932.81217 19.005 0.046
6938.79758 18.713 0.043
6942.79507 19.017 0.048
6950.84586 19.031 0.037
6956.84868 19.132 0.052
6961.84327 18.755 0.036
6967.71469 19.051 0.083
6973.72016 19.029 0.047
6980.75710 18.972 0.039
6987.78807 18.880 0.048
6992.76024 18.466 0.026
6997.76599 18.986 0.055
7002.70981 18.716 0.034
7007.72114 18.896 0.043
7013.67452 19.089 0.053
7016.78021 18.592 0.027
7020.78230 19.028 0.051
7024.68134 18.379 0.036
7025.62925 18.410 0.033
7026.67279 18.691 0.033
7027.64797 18.763 0.053
7028.68397 18.934 0.062
7029.67960 19.055 0.055
7030.74643 18.909 0.032
7031.73380 18.340 0.029
7032.73552 18.585 0.029
7033.73119 18.739 0.038
7034.78914 19.002 0.040
7035.66631 18.847 0.033
7036.71549 18.996 0.042
7037.66358 18.943 0.038
7037.74096 19.005 0.039
7038.65651 18.990 0.034
7039.65691 19.096 0.040
7040.71463 18.561 0.023
7041.71105 18.754 0.035
7042.73853 18.884 0.031
7046.73974 18.597 0.030
7049.63671 18.520 0.025
7050.68377 18.793 0.032
7051.68130 18.862 0.030
7051.73032 18.994 0.036
7056.67073 18.456 0.036
7062.66246 19.018 0.049
7069.65862 18.923 0.047
7074.66982 18.833 0.047
7080.58610 18.346 0.025
7083.61288 18.881 0.040
7086.62102 19.017 0.058
7091.60188 18.914 0.041
7103.56988 19.098 0.037
7112.58227 18.398 0.038
7115.57681 18.947 0.057
7119.53690 19.120 0.070
7126.52588 18.976 0.038
7131.53045 18.799 0.044
7134.50073 19.021 0.056
7137.53063 18.663 0.037
7143.49529 19.101 0.077
7277.90219 19.087 0.068
7287.90228 18.555 0.047
7292.83485 18.859 0.062
7294.79784 19.088 0.052
7297.79674 18.664 0.040
7304.87617 18.746 0.038
7312.79357 18.528 0.031
7319.77523 18.695 0.061
7322.74785 18.778 0.049
7327.85057 18.539 0.054
7339.75894 18.874 0.032
7345.71746 18.534 0.032
7354.79430 18.882 0.041
7361.81715 18.859 0.042
7366.68972 18.888 0.039
7373.84305 18.345 0.024
7377.81497 18.879 0.038
7382.71320 19.071 0.063
7385.72665 18.727 0.039
7390.74846 18.380 0.024
7399.75308 18.531 0.041
7404.74270 19.093 0.042
7408.71581 18.649 0.034
7410.71721 18.905 0.057
7413.67995 18.952 0.058
7416.68686 18.654 0.034
7424.62927 18.448 0.025
7427.66061 18.915 0.037
7431.65540 18.344 0.023
7435.64863 18.986 0.043
7439.65514 18.410 0.033
7443.62646 18.987 0.040
7449.63221 18.770 0.038
7453.60665 18.954 0.034
7462.62115 19.006 0.035
7466.56885 18.758 0.042
7472.57563 18.456 0.034
7476.53135 18.900 0.039
7488.48518 18.699 0.036
7499.50833 18.793 0.047
7507.48056 18.752 0.035
