5260.60999 18.946 0.048
5261.52500 18.753 0.046
5262.62168 18.952 0.044
5263.60249 18.930 0.054
5264.58765 18.824 0.042
5265.51922 18.664 0.051
5266.58412 18.745 0.049
5267.59643 18.729 0.048
5268.58013 18.597 0.048
5269.54932 18.561 0.037
5270.56648 18.497 0.030
5271.55829 18.506 0.034
5273.54724 19.184 0.053
5274.57825 19.140 0.062
5275.56170 19.166 0.057
5276.55737 19.100 0.046
5279.54577 19.060 0.073
5280.54408 19.029 0.063
5281.52098 19.071 0.059
5282.53995 19.091 0.062
5283.49161 19.076 0.100
5286.52107 18.942 0.055
5288.53773 18.932 0.058
5291.52926 18.777 0.044
5294.56105 18.718 0.047
5295.48223 18.460 0.049
5296.57223 18.737 0.048
5298.55289 18.516 0.042
5301.51303 19.197 0.070
5306.51048 19.093 0.060
5307.53854 19.019 0.065
5310.53861 19.146 0.089
5314.50244 18.916 0.088
5321.46464 18.637 0.059
5323.48403 18.520 0.040
5324.48316 18.428 0.046
5326.49109 18.757 0.043
5328.48409 19.235 0.075
5337.47857 19.119 0.089
5341.47857 18.916 0.071
5430.89965 18.798 0.059
5439.90894 19.265 0.077
5445.84177 19.024 0.048
5449.82669 18.873 0.046
5453.88174 18.903 0.038
5455.85530 18.773 0.036
5457.89839 18.835 0.035
5462.89447 18.554 0.043
5465.85717 19.016 0.080
5468.82394 19.103 0.060
5470.79638 19.026 0.043
5471.84672 19.099 0.049
5473.77483 19.016 0.048
5477.75061 18.861 0.032
5478.79103 18.878 0.039
5481.73024 18.612 0.035
5482.78103 18.732 0.041
5484.77510 18.581 0.034
5485.78445 18.624 0.033
5486.86984 18.784 0.054
5487.86652 18.711 0.035
5488.87543 18.653 0.032
5490.72646 19.168 0.070
5491.74695 19.045 0.058
5492.76951 19.139 0.061
5493.79181 19.144 0.069
5494.83652 19.287 0.083
5495.79370 19.088 0.054
5496.79150 19.068 0.080
5497.82169 19.169 0.068
5499.72870 19.043 0.051
5502.79884 19.049 0.042
5503.75409 18.967 0.042
5505.72375 18.785 0.044
5506.74124 18.757 0.033
5507.75936 18.808 0.031
5509.66776 18.452 0.031
5510.72368 18.627 0.034
5511.69987 18.517 0.032
5512.74292 18.562 0.032
5513.71321 18.611 0.033
5514.74576 18.422 0.026
5515.66303 19.085 0.062
5516.74857 18.970 0.044
5517.66168 19.134 0.064
5518.75809 19.217 0.094
5519.68452 19.064 0.093
5521.70136 19.073 0.079
5522.72649 19.002 0.074
5523.69120 19.159 0.065
5524.69962 19.018 0.047
5525.73272 19.089 0.047
5526.68475 18.978 0.043
5527.76550 19.072 0.041
5528.70653 18.914 0.053
5529.68686 18.925 0.044
5530.69408 18.850 0.042
5531.77726 19.039 0.040
5532.68537 18.809 0.039
5533.70872 18.855 0.046
5534.74026 18.916 0.042
5535.71706 18.762 0.037
5536.71972 18.710 0.035
5539.72996 18.689 0.036
5540.81412 18.747 0.036
5541.68030 18.882 0.052
5542.73868 18.466 0.027
5543.77024 18.578 0.040
5544.75773 18.467 0.028
5545.74698 18.915 0.050
5546.69666 19.114 0.062
5547.75646 19.164 0.062
5548.71769 19.115 0.062
5549.68258 19.089 0.068
5550.73642 19.095 0.061
5551.68691 19.114 0.071
5553.73998 19.125 0.060
5554.67330 19.002 0.062
5556.68793 19.016 0.046
5557.66907 18.900 0.040
5558.66998 18.892 0.043
5560.65186 18.799 0.039
5561.68543 18.838 0.053
5562.70501 18.842 0.040
5563.63896 18.646 0.039
5565.67028 18.641 0.039
5566.69756 18.666 0.034
5568.71787 18.568 0.040
5569.71241 18.525 0.033
5570.75193 18.592 0.036
5571.68297 19.098 0.048
5572.80016 18.599 0.037
5575.70448 19.095 0.052
5576.67869 19.057 0.041
5577.68024 19.120 0.054
5578.68725 19.018 0.054
5579.73739 19.102 0.073
5580.68107 19.033 0.047
5581.68401 19.125 0.063
5582.69133 19.043 0.057
5583.69810 19.022 0.044
5584.68412 18.996 0.049
5585.68398 19.003 0.049
5586.64775 18.906 0.049
5587.62988 18.813 0.050
5588.73385 19.072 0.064
5589.63990 18.692 0.032
5591.67723 18.803 0.032
5592.65948 18.673 0.029
5593.64245 18.602 0.032
5594.65866 18.573 0.034
5595.63732 18.451 0.028
5596.70049 18.593 0.028
5597.61795 19.190 0.060
5598.68422 18.490 0.026
5599.64785 19.273 0.068
5600.68060 19.147 0.044
5601.66023 19.184 0.042
5602.65896 19.167 0.050
5603.66771 19.129 0.062
5604.66811 19.103 0.061
5605.66996 19.097 0.043
5606.68131 19.108 0.053
5607.69274 19.022 0.057
5608.67960 18.997 0.076
5609.71134 19.119 0.071
5611.64189 19.023 0.073
5612.69442 19.117 0.076
5613.65690 19.059 0.061
5614.64955 18.894 0.044
5615.64335 18.907 0.043
5616.65210 18.813 0.041
5619.64259 18.787 0.036
5622.63726 18.603 0.041
5623.60015 18.516 0.035
5624.54123 19.222 0.079
5625.63289 18.687 0.038
5626.59401 19.231 0.069
5627.55871 19.061 0.048
5629.59895 19.086 0.046
5630.61038 19.085 0.062
5632.55851 19.071 0.068
5633.60750 19.115 0.054
5634.56791 18.992 0.057
5635.57223 19.076 0.068
5638.57685 18.877 0.080
5639.58710 18.900 0.071
5640.52610 18.756 0.065
5641.55376 18.818 0.050
5642.50200 18.626 0.033
5643.49978 18.655 0.038
5644.50252 18.598 0.036
5645.50125 18.520 0.047
5646.51425 18.437 0.034
5647.51621 18.494 0.035
5648.51692 18.684 0.041
5649.53165 18.842 0.048
5650.51207 19.179 0.054
5651.51800 19.227 0.050
5652.51295 19.176 0.058
5653.54303 19.205 0.060
5654.55157 19.071 0.057
5655.54273 19.106 0.057
5656.55164 19.094 0.051
5657.51158 19.100 0.060
5659.51088 19.042 0.052
5660.55626 19.117 0.059
5664.49047 18.792 0.073
5665.50569 18.868 0.067
5666.50251 18.819 0.064
5667.48469 18.782 0.057
5668.49022 18.750 0.057
5669.48425 18.711 0.048
5670.53571 18.732 0.052
5671.48609 18.585 0.065
5672.48055 18.536 0.039
5674.48907 18.567 0.037
5675.48193 18.892 0.057
5676.53685 18.463 0.015
5677.47866 19.230 0.058
5678.51286 19.222 0.059
5679.48051 19.228 0.070
5680.52857 19.172 0.072
5681.49255 19.129 0.067
5682.49270 19.077 0.071
5683.49726 19.093 0.065
5684.50130 19.072 0.062
5685.47384 19.088 0.070
5686.47472 19.066 0.048
5687.47547 18.992 0.070
5691.46841 19.035 0.074
5692.51744 18.998 0.085
5694.48502 18.887 0.068
5695.46945 18.749 0.048
5696.47784 18.862 0.071
5697.46777 18.745 0.052
5699.47730 18.710 0.070
5700.46889 18.625 0.057
5702.46578 18.486 0.047
5706.46548 19.196 0.080
5784.92580 18.614 0.039
5795.93177 19.236 0.094
5803.87706 18.806 0.046
5805.84154 18.738 0.041
5806.89254 18.828 0.036
5809.85377 18.586 0.026
5810.85688 18.514 0.037
5812.84968 18.535 0.030
5814.86648 18.971 0.055
5814.89871 18.485 0.038
5815.87812 19.043 0.049
5816.85225 19.104 0.089
5817.85340 19.147 0.057
5818.88195 19.143 0.067
5819.83592 19.066 0.052
5820.90336 19.229 0.060
5822.82357 19.064 0.053
5823.89844 19.095 0.061
5824.82041 19.109 0.049
5825.80866 18.957 0.037
5826.85715 19.029 0.047
5827.85112 19.025 0.041
5828.87733 18.979 0.039
5829.85070 18.973 0.034
5830.84228 18.911 0.037
5831.83396 18.824 0.031
5832.82335 18.799 0.033
5833.80773 18.700 0.037
5834.80865 18.687 0.030
5835.86857 18.825 0.039
5836.77509 18.488 0.027
5837.85441 18.651 0.035
5839.83606 18.444 0.029
5840.81901 18.722 0.033
5841.81661 19.098 0.058
5842.83419 19.089 0.069
5843.84968 19.166 0.051
5845.86469 19.344 0.119
5846.82514 19.009 0.101
5850.78901 19.075 0.050
5851.79806 19.045 0.054
5852.78179 19.127 0.078
5854.75685 18.914 0.039
5855.82655 18.939 0.035
5856.79812 18.957 0.072
5857.78297 18.724 0.059
5858.83232 18.849 0.061
5859.80085 18.914 0.044
5860.78593 18.808 0.043
5861.79493 18.758 0.044
5863.79685 18.684 0.032
5864.70540 19.188 0.049
5865.77498 18.463 0.031
5866.79911 18.479 0.029
5867.73801 19.198 0.058
5868.83947 18.477 0.027
5869.80500 19.015 0.040
5870.74480 19.086 0.046
5871.73088 19.019 0.043
5872.74025 19.135 0.048
5873.73547 19.123 0.055
5874.76902 19.140 0.068
5875.70496 18.995 0.060
5878.75473 19.091 0.095
5879.68999 18.894 0.068
5880.74144 19.008 0.055
5880.79247 19.046 0.062
5881.72802 18.885 0.043
5882.75882 18.895 0.042
5883.76276 18.838 0.052
5885.69406 18.684 0.056
5886.73013 18.762 0.059
5887.80249 18.828 0.035
5888.79115 18.764 0.044
5889.83334 18.877 0.046
5890.76686 18.710 0.038
5891.72555 18.447 0.032
5892.74329 18.488 0.032
5893.76141 18.482 0.028
5894.78486 18.471 0.029
5895.80197 18.495 0.033
5896.78502 18.719 0.035
5897.73184 19.190 0.050
5898.71402 19.171 0.051
5899.77319 19.328 0.064
5900.72282 19.092 0.049
5901.77212 19.168 0.064
5902.72337 19.189 0.078
5903.77855 19.036 0.060
5904.75315 19.059 0.054
5905.72723 19.150 0.067
5906.73911 19.022 0.058
5907.71718 18.925 0.055
5908.74247 19.075 0.058
5909.78700 19.046 0.060
5910.69979 18.922 0.044
5911.73163 18.843 0.038
5912.75210 18.875 0.037
5913.72405 18.806 0.034
5914.74668 18.842 0.033
5915.70371 18.691 0.029
5916.75758 18.738 0.031
5917.72122 18.669 0.033
5922.73828 18.571 0.028
5923.71451 19.210 0.040
5924.69581 19.260 0.053
5925.70986 19.218 0.060
5926.72165 19.133 0.051
5927.72066 19.051 0.052
5929.69482 19.115 0.052
5930.84000 19.197 0.054
5931.66130 19.066 0.063
5932.65858 19.028 0.054
5933.70901 19.201 0.069
5934.70506 19.064 0.055
5936.65019 18.888 0.055
5937.67992 18.904 0.043
5938.68070 18.878 0.046
5939.72446 18.852 0.046
5940.76042 18.897 0.047
5941.76037 18.979 0.052
5942.78516 18.882 0.039
5943.74220 18.768 0.040
5944.73547 18.771 0.031
5945.71574 18.686 0.031
5946.65561 18.500 0.027
5946.77196 18.763 0.046
5947.72254 18.579 0.034
5948.71136 18.514 0.035
5949.72755 18.439 0.032
5950.64855 19.180 0.046
5951.67392 19.222 0.061
5952.69851 19.285 0.048
5953.69646 19.069 0.051
5954.69399 19.118 0.035
5955.71660 19.063 0.047
5956.71668 19.038 0.041
5958.73387 19.147 0.050
5959.70585 19.082 0.046
5960.70790 19.140 0.047
5961.63962 19.005 0.043
5962.64053 19.099 0.068
5963.60724 18.705 0.076
5964.61922 18.829 0.054
5965.61816 18.888 0.050
5967.64030 18.830 0.058
5968.64041 18.855 0.047
5969.61645 18.636 0.031
5970.59394 18.528 0.027
5971.68682 18.743 0.031
5972.67321 18.712 0.033
5973.65626 18.543 0.024
5974.61132 18.899 0.051
5976.64547 18.899 0.044
5977.67902 18.611 0.033
5978.65546 19.263 0.048
5979.60564 19.117 0.050
5980.62130 19.172 0.060
5981.64478 19.131 0.054
5982.65066 19.118 0.061
5983.69332 19.042 0.038
5984.63235 19.087 0.046
5985.66469 19.007 0.047
5986.59447 19.016 0.044
5987.66992 19.102 0.053
5988.63641 19.058 0.054
5989.60035 18.922 0.043
5990.59386 18.860 0.060
5991.66890 19.056 0.073
5992.62915 18.927 0.052
5993.58603 18.867 0.052
5994.58469 18.817 0.057
5995.63242 18.746 0.056
5996.60248 18.619 0.057
5997.60467 18.678 0.047
5998.60302 18.662 0.038
5998.66343 18.756 0.043
5999.64375 18.624 0.033
6000.61912 18.600 0.034
6002.58285 19.104 0.053
6003.54894 19.151 0.065
6004.60935 19.333 0.073
6005.57702 19.042 0.053
6006.57637 19.102 0.052
6007.57470 18.979 0.040
6008.60916 19.011 0.041
6009.55032 19.183 0.075
6010.60237 19.060 0.064
6011.56465 19.086 0.054
6012.56373 19.133 0.065
6013.54548 19.036 0.049
6014.56442 19.073 0.052
6015.55980 18.946 0.044
6016.60043 19.049 0.046
6018.51900 18.799 0.053
6019.56606 18.760 0.046
6020.58920 18.862 0.044
6021.57729 18.754 0.054
6022.58878 18.801 0.062
6023.56284 18.653 0.038
6024.58567 18.734 0.051
6025.58567 18.675 0.059
6026.53199 18.399 0.053
6028.56873 18.361 0.040
6031.51410 19.189 0.090
6032.50663 19.099 0.084
6034.49978 19.152 0.070
6035.52518 19.150 0.062
6036.50201 19.116 0.061
6038.49340 18.993 0.085
6039.50009 18.958 0.072
6040.50239 18.985 0.060
6047.47706 18.791 0.056
6048.47578 18.703 0.052
6049.49908 18.696 0.042
6050.47467 18.694 0.055
6052.49035 18.586 0.048
6053.48740 18.512 0.048
6055.49599 18.963 0.061
6056.48299 19.092 0.061
6057.48895 19.125 0.058
6058.48654 19.206 0.060
6059.48019 19.087 0.060
6060.48295 19.157 0.069
6061.47408 19.119 0.071
6062.46812 19.163 0.078
6064.46988 19.175 0.075
6070.47130 18.875 0.068
6123.91732 18.962 0.044
6137.91523 18.914 0.050
6149.93879 19.110 0.127
6164.92445 18.553 0.048
6165.91504 18.539 0.034
6171.88082 19.069 0.051
6174.90666 19.109 0.075
6179.90680 19.035 0.070
6180.85936 19.032 0.071
6181.87357 18.963 0.042
6182.87811 18.887 0.037
6183.87982 18.849 0.030
6184.90634 18.835 0.035
6185.85605 18.726 0.032
6186.85754 18.760 0.038
6191.88313 18.458 0.023
6193.87040 18.966 0.042
6194.88738 18.975 0.037
6196.87283 19.171 0.051
6199.82181 19.189 0.087
6202.82927 19.023 0.071
6204.86436 19.052 0.042
6207.87720 18.966 0.062
6210.87592 18.915 0.048
6212.82866 18.728 0.038
6214.87987 18.760 0.057
6215.86371 18.761 0.037
6216.82652 18.513 0.026
6219.81151 19.039 0.055
6221.82480 19.201 0.058
6222.82570 19.218 0.070
6223.78279 19.082 0.050
6224.84839 19.275 0.057
6225.73037 19.106 0.068
6226.74274 19.046 0.059
6229.78525 19.127 0.064
6230.72916 18.988 0.067
6231.75396 18.891 0.057
6232.81992 19.026 0.047
6233.82647 18.979 0.046
6234.83032 18.966 0.038
6235.77771 18.787 0.037
6236.79529 18.880 0.038
6237.87131 18.941 0.063
6238.82905 18.907 0.039
6239.80306 18.736 0.035
6240.84633 18.766 0.044
6241.79997 18.699 0.035
6242.84292 18.675 0.028
6243.81128 18.596 0.032
6244.74473 19.095 0.044
6245.76856 18.863 0.035
6248.78528 19.284 0.053
6251.77589 19.064 0.033
6254.78579 19.074 0.036
6257.81416 19.105 0.056
6262.73792 18.878 0.035
6265.80992 18.829 0.030
6270.82591 18.766 0.030
6274.81754 18.527 0.025
6278.76462 19.149 0.049
6282.78746 19.136 0.046
6286.72070 18.951 0.038
6289.79005 18.915 0.044
6294.81196 18.816 0.039
6299.76850 18.571 0.032
6306.70866 19.092 0.046
6312.68309 19.048 0.040
6317.69423 18.802 0.038
6323.66748 18.562 0.028
6329.62671 19.225 0.061
6333.61711 19.090 0.050
6334.63722 19.095 0.037
6340.62973 18.896 0.032
6343.57354 18.806 0.039
6347.59982 18.651 0.035
6351.60515 18.468 0.030
6352.61310 18.694 0.032
6353.62496 18.779 0.036
6354.58938 19.235 0.046
6355.57844 19.248 0.042
6356.61728 19.169 0.044
6356.66308 19.118 0.038
6357.64091 19.296 0.049
6363.53474 19.052 0.055
6368.54760 18.870 0.041
6369.55693 18.826 0.031
6370.53801 18.741 0.038
6371.54048 18.719 0.038
6373.54314 18.589 0.030
6374.53116 18.523 0.030
6375.52369 18.455 0.027
6376.54565 18.531 0.039
6378.52001 19.209 0.062
6378.56176 18.676 0.037
6379.53393 19.290 0.070
6380.54482 19.100 0.055
6381.54671 19.161 0.046
6382.53799 19.132 0.049
6383.62163 19.144 0.064
6383.62512 19.320 0.077
6387.53272 18.998 0.046
6396.53859 18.863 0.037
6404.52375 18.399 0.037
6416.49982 19.140 0.056
6508.93916 18.853 0.080
6520.89171 19.033 0.036
6531.90283 18.876 0.038
6547.86824 19.128 0.044
6561.83629 18.820 0.036
6571.84302 19.161 0.037
6577.88358 19.073 0.041
6583.78976 18.908 0.044
6608.83000 19.068 0.035
6612.76619 18.895 0.039
6616.72805 18.580 0.029
6622.78200 18.520 0.030
6628.80966 19.156 0.040
6638.73503 18.926 0.032
6645.73296 18.703 0.034
6649.73993 18.502 0.026
6654.76005 19.158 0.036
6658.77247 19.045 0.028
6662.73855 19.094 0.044
6667.80088 19.012 0.050
6672.77342 18.763 0.053
6680.76771 18.402 0.025
6690.65036 19.068 0.037
6697.71106 18.823 0.029
6705.67429 18.641 0.037
6720.68313 19.032 0.047
6871.92313 19.085 0.052
6887.92098 18.766 0.034
6896.89174 19.232 0.061
6907.87446 18.941 0.047
6926.80353 19.057 0.041
6932.81217 19.099 0.049
6938.79758 18.798 0.046
6942.79507 18.566 0.032
6950.84586 19.283 0.043
6956.84868 19.012 0.047
6961.84327 19.050 0.046
6967.71469 18.532 0.053
6973.72016 19.147 0.051
6980.75710 19.071 0.041
6987.78807 19.173 0.060
6992.76024 18.918 0.036
6997.76599 18.695 0.041
7002.70981 19.158 0.048
7007.72114 19.026 0.047
7013.67452 18.942 0.048
7016.78021 18.991 0.036
7020.78230 18.949 0.047
7024.68134 18.485 0.040
7025.62925 19.177 0.063
7026.67279 18.935 0.040
7027.64797 19.306 0.087
7028.68397 19.177 0.075
7029.67960 19.166 0.060
7030.74643 18.920 0.032
7031.73380 19.287 0.064
7032.73552 19.182 0.047
7033.73119 19.155 0.055
7034.78914 19.221 0.049
7035.66631 19.028 0.037
7036.71549 19.019 0.043
7037.66358 19.067 0.041
7037.74096 19.064 0.040
7038.65651 19.012 0.034
7039.65691 19.006 0.037
7040.71463 18.942 0.031
7041.71105 19.004 0.042
7042.73853 19.092 0.036
7046.73974 18.938 0.039
7049.63671 18.596 0.026
7050.68377 18.639 0.028
7051.68130 18.577 0.025
7051.73032 18.762 0.030
7056.67073 19.240 0.071
7062.66246 19.120 0.053
7069.65862 19.077 0.052
7074.66982 18.722 0.042
7080.58610 19.222 0.050
7083.61288 19.304 0.056
7086.62102 19.130 0.060
7091.60188 19.124 0.049
7103.56988 18.569 0.025
7112.58227 19.140 0.074
7115.57681 19.179 0.072
7119.53690 19.032 0.064
7126.52588 18.788 0.033
7131.53045 18.567 0.036
7134.50073 19.281 0.073
7137.53063 19.115 0.055
7143.49529 19.110 0.080
7277.90219 19.135 0.069
7287.90228 18.954 0.063
7292.83485 18.562 0.047
7294.79784 18.565 0.034
7297.79674 19.233 0.067
7304.87617 19.141 0.053
7312.79357 18.924 0.042
7319.77523 18.550 0.054
7322.74785 19.144 0.067
7327.85057 18.701 0.059
7339.75894 18.835 0.031
7345.71746 18.585 0.033
7354.79430 19.172 0.055
7361.81715 19.144 0.055
7366.68972 18.849 0.038
7373.84305 18.862 0.037
7377.81497 18.731 0.034
7382.71320 19.061 0.058
7385.72665 19.111 0.056
7390.74846 19.057 0.040
7399.75308 18.784 0.053
7404.74270 18.590 0.029
7408.71581 19.165 0.055
7410.71721 19.110 0.071
7413.67995 19.150 0.071
7416.68686 19.138 0.052
7424.62927 18.752 0.031
7427.66061 18.719 0.032
7431.65540 18.450 0.025
7435.64863 19.196 0.053
7439.65514 19.095 0.060
7443.62646 19.096 0.043
7449.63221 18.885 0.042
7453.60665 18.693 0.028
7462.62115 19.193 0.038
7466.56885 19.039 0.053
7472.57563 18.983 0.053
7476.53135 18.752 0.034
7488.48518 18.999 0.047
7499.50833 18.925 0.051
7507.48056 18.521 0.030
