5260.61630 16.769 0.010
5261.53130 16.457 0.009
5263.60875 16.258 0.007
5265.52552 16.901 0.012
5267.60272 16.866 0.012
5268.58634 16.708 0.011
5269.55557 16.596 0.010
5270.57266 16.473 0.009
5271.56452 16.335 0.008
5273.55346 16.952 0.011
5274.58446 16.918 0.012
5275.56790 16.868 0.011
5276.56354 16.769 0.010
5279.55197 16.277 0.009
5280.55023 17.020 0.013
5281.52719 16.938 0.012
5282.54612 16.948 0.012
5283.49774 16.789 0.013
5286.53298 16.520 0.009
5288.54384 16.880 0.012
5291.53534 16.893 0.011
5294.56712 16.640 0.010
5295.48833 16.295 0.009
5296.57828 16.354 0.009
5298.55895 16.889 0.012
5301.51908 16.721 0.011
5306.51650 16.940 0.012
5313.49373 17.024 0.017
5314.50842 16.918 0.017
5323.48996 16.918 0.013
5324.48909 16.896 0.015
5326.49702 16.714 0.011
5328.50006 16.464 0.010
5337.48449 16.280 0.010
5341.48446 16.873 0.016
5430.90574 16.934 0.011
5439.91516 16.951 0.012
5445.84797 17.059 0.011
5449.83296 16.754 0.009
5453.88802 16.321 0.008
5455.86159 16.945 0.009
5462.90081 16.525 0.009
5468.83028 16.486 0.008
5470.80274 17.000 0.010
5477.75698 17.001 0.009
5481.73668 16.784 0.009
5482.78744 16.757 0.009
5484.78155 16.518 0.008
5485.79091 16.341 0.008
5490.73293 16.715 0.010
5491.75344 16.630 0.009
5493.75766 16.330 0.008
5497.74475 16.890 0.011
5507.74024 16.699 0.008
5527.67667 16.993 0.009
5530.66119 16.828 0.009
5531.84710 16.935 0.010
5533.67221 16.488 0.008
5534.71561 16.420 0.008
5541.81500 16.804 0.010
5544.83122 16.464 0.009
5546.66083 16.907 0.011
5547.82230 16.927 0.011
5549.76309 16.768 0.010
5553.79407 16.466 0.009
5554.81265 17.049 0.012
5556.77506 16.919 0.010
5558.78146 16.745 0.010
5559.81549 16.690 0.009
5561.76585 16.483 0.008
5562.80886 16.905 0.011
5563.77155 16.944 0.011
5565.79764 16.892 0.011
5566.79276 16.806 0.011
5575.73997 16.653 0.009
5577.71525 16.445 0.008
5578.71874 17.049 0.013
5580.71245 16.912 0.010
5581.71488 16.876 0.011
5583.73095 16.683 0.009
5584.72913 16.557 0.009
5589.72158 16.920 0.010
5590.68474 16.753 0.009
5592.75737 16.658 0.009
5595.70492 16.980 0.010
5597.65130 16.853 0.010
5598.71647 16.862 0.010
5599.71136 16.715 0.009
5601.73932 16.559 0.009
5602.72921 16.333 0.008
5605.73268 16.944 0.009
5606.73145 16.911 0.011
5611.69103 16.999 0.017
5623.64492 16.776 0.010
5626.57477 17.023 0.012
5631.55927 16.652 0.010
5633.63719 16.570 0.009
5635.60275 17.030 0.013
5639.61264 16.758 0.012
5641.60042 16.557 0.009
5643.56404 17.058 0.010
5645.57147 16.955 0.012
5647.59616 16.830 0.009
5649.56270 16.515 0.009
5652.57806 16.977 0.011
5654.58121 16.866 0.010
5657.54114 16.548 0.008
5659.57691 16.329 0.008
5667.53128 16.594 0.010
5671.53310 16.844 0.013
5675.52919 16.277 0.008
5677.52879 16.926 0.011
5682.52358 16.536 0.009
5686.50495 16.915 0.011
5693.50241 16.977 0.012
5694.50770 16.934 0.014
5786.92686 16.906 0.010
5802.88069 16.906 0.011
5805.88901 16.674 0.008
5810.83703 16.913 0.010
5816.89721 16.489 0.008
5819.88261 16.936 0.010
5822.85330 16.570 0.008
5824.85020 16.881 0.009
5826.82000 16.937 0.009
5829.79794 16.642 0.008
5833.78835 16.942 0.010
5835.81711 16.922 0.009
5836.88842 16.934 0.010
5839.79538 16.373 0.008
5844.83484 16.885 0.013
5850.85467 17.039 0.012
5851.82791 16.953 0.011
5855.85697 16.654 0.008
5858.81325 17.012 0.012
5860.81693 16.927 0.010
5861.82513 16.869 0.010
5862.80386 16.688 0.006
5864.85141 16.574 0.008
5865.75466 17.039 0.011
5867.86947 17.063 0.012
5871.75468 16.578 0.008
5873.78100 16.358 0.008
5874.81334 16.873 0.010
5878.84675 16.881 0.013
5880.77151 16.538 0.009
5882.80422 16.515 0.008
5885.80205 16.931 0.011
5888.84725 16.713 0.009
5890.82861 16.420 0.008
5891.84599 16.423 0.008
5893.72703 16.885 0.009
5895.76794 16.748 0.010
5896.81526 16.718 0.009
5899.72338 16.942 0.012
5900.82458 17.058 0.010
5902.76910 16.908 0.011
5903.82361 16.908 0.011
5904.78855 16.708 0.009
5905.75757 16.546 0.008
5906.77060 16.383 0.008
5907.77237 16.783 0.009
5908.78852 17.030 0.012
5910.78182 16.927 0.010
5911.80849 16.897 0.010
5915.78708 16.331 0.007
5917.78501 16.932 0.009
5923.78433 16.413 0.008
5925.78900 17.003 0.012
5927.78457 16.923 0.010
5929.79122 16.738 0.008
5931.72129 16.309 0.008
5932.77872 16.370 0.008
5933.78672 17.047 0.012
5936.73032 16.800 0.011
5937.75175 16.741 0.010
5938.74487 16.601 0.008
5941.74152 17.029 0.010
5942.76585 16.927 0.010
5943.77398 16.949 0.010
5944.76528 16.897 0.008
5945.74641 16.752 0.008
5947.75296 16.535 0.008
5948.74143 16.327 0.008
5951.73864 16.914 0.011
5953.75753 16.816 0.012
5955.74679 16.587 0.008
5959.73611 16.922 0.010
5962.62126 16.517 0.009
5965.66503 17.051 0.013
5968.67148 16.890 0.011
5971.71896 16.647 0.008
5973.63644 17.049 0.008
5974.64456 16.919 0.009
5980.67851 16.459 0.008
5982.68057 17.058 0.010
5984.68018 16.927 0.010
5986.68742 16.786 0.008
5988.66602 16.534 0.011
5991.64986 16.942 0.012
5992.65877 16.927 0.011
5994.56544 16.619 0.009
5997.63436 16.288 0.009
6000.66244 16.942 0.009
6003.57929 16.590 0.009
6007.60416 16.948 0.009
6011.60415 16.674 0.009
6018.56575 16.771 0.010
6023.54314 16.935 0.010
6026.56200 16.802 0.013
6033.54103 16.894 0.012
6034.52950 16.787 0.011
6036.54723 16.612 0.009
6038.53985 16.509 0.010
6039.54444 17.024 0.013
6040.53170 16.952 0.011
6047.52113 17.045 0.013
6050.50426 16.830 0.011
6057.49490 16.903 0.010
6141.93036 16.865 0.012
6171.92031 17.009 0.010
6186.90747 16.486 0.008
6198.86383 16.923 0.011
6200.85393 16.706 0.013
6203.84106 16.553 0.009
6212.87589 16.561 0.008
6220.75322 16.947 0.009
6222.88035 16.927 0.014
6230.75910 16.930 0.013
6232.86913 16.913 0.011
6241.83884 16.808 0.009
6248.81543 16.921 0.009
6251.80591 16.591 0.008
6257.79387 16.821 0.011
6262.76801 16.995 0.009
6265.79025 16.885 0.009
6271.80856 17.016 0.009
6278.79507 16.412 0.008
6283.77999 16.757 0.008
6287.80833 16.824 0.010
6291.81767 16.838 0.010
6297.73447 16.909 0.012
6303.57419 16.914 0.008
6310.69793 16.308 0.007
6338.62650 16.905 0.009
6343.62475 16.628 0.009
6350.60984 16.437 0.009
6355.55353 16.774 0.008
6361.56969 16.962 0.009
6368.58659 17.009 0.009
6374.59908 16.616 0.008
6381.56555 16.724 0.008
6389.54445 16.716 0.008
6398.49840 16.560 0.008
6511.92376 16.929 0.009
6532.90309 16.393 0.008
6572.80892 16.528 0.008
6579.73086 16.552 0.008
6584.75213 16.921 0.011
6593.76267 16.900 0.010
6607.79402 16.623 0.008
6613.74284 16.543 0.008
6617.72346 16.921 0.008
6627.76382 16.905 0.008
6637.77013 16.724 0.008
6644.80728 16.930 0.010
6650.79542 17.058 0.010
6657.81713 16.393 0.008
6660.75675 16.930 0.008
6667.82967 17.021 0.012
6671.76830 16.720 0.009
6678.78527 16.902 0.009
6682.68037 17.025 0.009
6693.63725 16.847 0.008
6698.70775 16.297 0.008
6703.67135 16.693 0.012
6707.66167 17.014 0.010
6710.67678 16.883 0.009
6715.64892 17.044 0.010
6731.62432 16.920 0.012
6874.92835 16.887 0.009
6885.92173 16.611 0.009
6904.92045 16.555 0.011
6920.79364 17.005 0.011
6926.78437 16.476 0.008
6937.79065 16.941 0.011
6941.81097 16.741 0.013
6951.85335 16.653 0.008
6957.80800 16.851 0.010
6963.80091 16.964 0.011
6969.81876 16.384 0.009
6975.81271 16.716 0.009
6982.86036 16.903 0.011
6992.79054 16.668 0.009
6995.72980 16.962 0.010
7000.72192 16.592 0.008
7004.81723 17.006 0.012
7008.75751 16.696 0.009
7013.79792 16.971 0.010
7017.79902 16.721 0.009
7021.78320 16.993 0.010
7025.75159 16.674 0.011
7029.73220 16.922 0.012
7035.75400 16.477 0.008
7045.71570 17.045 0.011
7050.69485 16.614 0.008
7057.66199 16.712 0.010
7063.69163 16.931 0.011
7070.64789 16.938 0.009
7076.67026 16.418 0.008
7080.62913 16.876 0.011
7082.61769 16.627 0.012
7086.65206 17.055 0.014
7089.62325 16.836 0.010
7093.60340 16.688 0.008
7099.62902 16.680 0.009
7110.57718 17.072 0.010
7114.55919 16.742 0.009
7118.55878 17.030 0.011
7124.53673 16.542 0.008
7131.51104 16.660 0.009
7133.50732 16.324 0.008
7136.49020 16.915 0.010
7141.49193 16.358 0.008
7144.50230 16.923 0.013
7278.85270 16.849 0.010
7303.84632 16.871 0.009
7308.83172 17.037 0.012
7317.79301 16.945 0.012
7325.74891 16.814 0.010
7345.74804 16.713 0.009
7353.86256 16.913 0.016
7357.85445 16.462 0.008
7364.76489 16.481 0.008
7367.83703 17.056 0.010
7371.79836 16.735 0.009
7376.79691 16.955 0.011
7381.70452 16.432 0.008
7385.70775 16.892 0.010
7389.73229 16.425 0.008
7398.70544 16.547 0.008
7402.74046 16.915 0.008
7405.73586 16.575 0.009
7409.70508 16.938 0.012
7415.67392 17.057 0.010
7424.66133 16.952 0.010
7428.67808 16.746 0.009
7434.65859 16.933 0.010
7438.66638 16.541 0.008
7442.62906 16.938 0.010
7446.64273 16.540 0.008
7451.61728 16.880 0.008
7458.63925 16.959 0.010
7463.58935 16.344 0.008
7470.53665 16.475 0.009
7472.55636 17.032 0.011
7476.57165 16.840 0.010
7488.51513 16.919 0.010
7499.53807 16.938 0.011
