5260.61208 19.677 0.097
5261.52711 19.976 0.119
5262.62377 20.089 0.123
5263.60456 19.612 0.095
5265.52131 19.703 0.110
5266.58619 19.809 0.128
5267.59850 19.482 0.084
5268.58219 19.882 0.148
5269.55139 19.798 0.104
5270.56855 19.620 0.077
5271.56038 19.427 0.074
5273.54931 19.722 0.090
5274.58031 19.602 0.093
5275.56377 20.057 0.122
5276.55943 19.839 0.090
5279.54784 19.922 0.156
5280.54614 19.678 0.102
5281.52305 19.705 0.109
5282.54200 19.891 0.110
5283.49365 19.383 0.116
5286.52310 19.547 0.095
5288.53977 20.070 0.160
5291.53128 19.451 0.079
5294.56308 19.653 0.100
5295.48426 19.998 0.164
5296.57425 19.952 0.141
5298.55491 19.797 0.123
5301.51503 19.474 0.094
5306.51249 19.813 0.109
5307.54054 19.584 0.101
5310.54063 19.577 0.122
5313.48974 19.694 0.149
5314.50442 19.645 0.163
5321.46662 19.608 0.137
5323.48600 19.732 0.110
5324.48514 19.521 0.123
5326.49306 19.704 0.101
5328.48606 19.886 0.133
5337.48054 19.808 0.148
5341.48053 19.423 0.113
5430.90168 19.785 0.105
5439.91101 19.828 0.115
5445.84384 19.905 0.083
5449.82877 19.839 0.091
5453.88383 19.781 0.072
5455.85740 20.025 0.091
5457.90050 19.614 0.067
5462.89661 19.705 0.091
5465.85929 19.994 0.167
5468.82605 20.046 0.118
5470.79851 19.548 0.061
5471.84886 19.721 0.074
5473.77695 19.634 0.070
5477.75274 19.494 0.051
5478.79317 20.096 0.100
5481.73239 19.972 0.101
5482.78315 19.878 0.105
5484.77724 19.754 0.071
5485.78662 19.904 0.079
5486.87200 19.666 0.113
5487.86868 19.672 0.076
5488.87760 19.807 0.083
5490.72862 19.415 0.071
5491.74911 20.170 0.128
5492.77166 20.086 0.125
5493.79399 19.793 0.105
5494.83870 19.547 0.098
5495.79588 19.854 0.087
5496.79368 19.691 0.127
5497.82386 19.592 0.089
5499.73086 19.862 0.098
5502.80103 19.870 0.082
5503.75627 19.662 0.062
5505.72593 19.874 0.108
5506.74342 19.730 0.061
5507.76156 19.579 0.052
5509.66992 19.690 0.075
5510.72585 19.657 0.071
5511.70205 20.016 0.104
5512.74509 20.065 0.095
5513.71541 19.659 0.069
5514.74796 19.596 0.062
5515.66521 19.972 0.124
5516.75077 19.726 0.069
5517.66390 19.735 0.094
5518.76029 19.879 0.175
5519.68670 19.921 0.169
5521.70358 19.990 0.139
5522.72870 19.729 0.124
5523.69339 19.718 0.098
5524.70184 19.801 0.077
5525.73492 19.804 0.081
5526.68694 19.560 0.064
5527.76769 19.610 0.061
5528.70872 19.866 0.095
5529.68905 19.684 0.080
5530.69627 19.492 0.069
5531.77945 19.571 0.054
5532.68758 19.849 0.079
5533.71092 19.714 0.084
5534.74245 19.429 0.060
5535.71927 19.995 0.090
5536.72193 19.683 0.070
5539.73217 19.767 0.076
5540.81633 19.839 0.082
5541.68249 20.020 0.124
5542.74089 19.879 0.075
5543.77244 19.700 0.088
5544.75993 19.456 0.059
5545.74919 19.994 0.108
5546.69886 19.733 0.096
5547.75866 19.523 0.088
5548.71991 19.928 0.112
5549.68477 19.704 0.103
5550.73863 19.617 0.091
5551.69615 19.855 0.132
5553.74219 19.710 0.103
5554.67552 19.848 0.157
5556.69012 19.691 0.100
5557.67129 19.487 0.058
5558.67217 19.821 0.113
5559.66238 19.761 0.121
5560.65405 19.526 0.062
5561.68764 19.926 0.140
5562.70721 19.860 0.085
5563.64116 19.694 0.087
5565.67248 19.915 0.092
5566.69973 19.791 0.078
5568.72006 19.865 0.122
5569.71460 19.773 0.095
5570.75414 19.766 0.111
5571.68515 19.976 0.098
5572.80236 19.951 0.115
5575.70666 20.009 0.110
5576.68086 19.782 0.070
5577.68280 19.630 0.076
5578.68942 19.983 0.121
5579.73955 19.718 0.123
5580.68437 19.634 0.073
5581.68620 19.942 0.118
5582.69350 19.798 0.112
5583.70026 19.714 0.081
5584.68628 19.397 0.065
5585.68616 19.895 0.101
5586.64993 19.848 0.100
5587.63206 19.621 0.089
5588.73601 19.990 0.118
5589.64207 19.884 0.081
5591.67939 19.746 0.074
5592.66164 19.998 0.085
5593.64462 19.775 0.085
5594.66082 19.487 0.074
5595.63948 19.720 0.077
5596.70262 19.857 0.080
5597.62009 19.475 0.072
5598.68640 19.936 0.090
5599.65001 19.594 0.085
5600.68275 19.660 0.069
5601.66239 19.792 0.073
5602.66109 19.930 0.094
5603.66986 19.708 0.095
5604.67026 19.546 0.083
5605.67209 20.089 0.097
5606.68346 19.861 0.098
5607.69487 19.433 0.081
5608.68173 20.083 0.199
5609.71347 19.740 0.129
5611.64403 19.824 0.153
5612.69654 19.938 0.155
5613.65974 19.973 0.143
5614.65167 19.492 0.077
5615.64546 20.097 0.122
5616.65422 19.733 0.089
5622.63936 19.797 0.111
5623.60224 19.720 0.090
5624.54332 19.992 0.138
5625.63499 19.911 0.107
5626.59609 19.994 0.129
5627.56082 19.409 0.058
5629.60103 19.850 0.082
5630.61247 19.521 0.088
5632.56058 19.743 0.104
5633.60958 19.722 0.091
5634.57000 19.576 0.088
5635.57433 19.853 0.118
5640.52815 19.540 0.115
5641.55582 20.186 0.149
5642.50407 19.821 0.084
5643.50183 19.621 0.071
5644.50457 19.808 0.096
5646.51630 19.709 0.099
5647.51826 19.601 0.074
5648.51896 19.985 0.114
5649.53370 19.646 0.089
5650.51412 19.482 0.067
5651.52004 19.986 0.091
5652.51499 20.035 0.119
5653.54507 19.744 0.087
5654.55360 19.545 0.076
5655.54476 19.690 0.095
5656.55366 19.810 0.088
5657.51361 19.701 0.103
5659.51292 19.733 0.095
5660.55829 19.514 0.080
5664.49248 20.267 0.221
5665.50772 19.884 0.157
5666.50453 19.646 0.128
5667.48671 19.461 0.095
5668.49223 19.816 0.133
5669.48627 19.803 0.110
5670.53773 19.415 0.090
5672.48304 19.681 0.097
5674.49107 19.982 0.105
5675.48394 19.999 0.138
5676.53920 19.807 0.043
5677.48066 19.589 0.071
5678.51485 20.145 0.133
5679.48249 19.749 0.110
5680.53055 19.618 0.109
5681.49457 20.170 0.176
5682.49469 19.630 0.118
5683.49925 19.618 0.103
5684.50408 19.794 0.114
5685.47581 19.829 0.125
5686.47670 19.647 0.074
5687.47885 19.363 0.087
5691.47038 19.826 0.142
5692.51999 19.786 0.172
5694.48701 19.656 0.123
5695.47144 19.844 0.121
5696.47981 19.897 0.179
5697.46974 19.313 0.091
5699.47928 19.540 0.144
5700.47086 19.729 0.152
5702.46774 19.734 0.128
5706.46744 19.645 0.115
5784.92782 20.012 0.123
5803.87913 19.512 0.076
5805.84359 19.723 0.084
5806.89458 19.685 0.063
5809.85582 19.783 0.062
5810.85893 19.502 0.068
5812.85176 19.888 0.080
5814.90081 19.993 0.129
5815.88020 19.856 0.089
5816.85434 19.661 0.110
5817.85603 19.544 0.073
5818.88402 19.862 0.105
5819.83801 19.818 0.096
5820.90545 19.747 0.094
5822.82566 19.620 0.084
5823.90054 19.575 0.083
5824.82250 20.039 0.094
5825.81075 19.818 0.070
5826.85926 19.630 0.073
5827.85322 19.574 0.063
5828.87942 19.858 0.085
5829.85281 19.707 0.054
5830.84439 19.540 0.055
5831.83607 19.865 0.065
5832.82548 19.690 0.062
5833.80984 19.693 0.080
5834.81078 20.141 0.090
5835.87068 19.856 0.082
5836.77722 19.701 0.070
5837.85653 19.516 0.068
5839.83820 19.681 0.076
5840.82117 19.596 0.065
5841.81873 19.872 0.102
5842.83634 19.866 0.122
5843.85181 19.628 0.069
5845.86683 19.984 0.175
5846.82727 19.809 0.173
5850.79117 19.554 0.071
5851.80020 19.863 0.103
5853.85371 19.803 0.162
5854.75900 19.982 0.084
5855.82871 19.842 0.068
5856.80026 19.701 0.127
5858.83450 19.998 0.159
5859.80301 19.740 0.084
5860.78809 19.417 0.064
5861.79709 19.872 0.105
5863.79902 19.678 0.073
5864.70756 19.977 0.090
5865.77715 19.854 0.098
5866.80127 19.749 0.077
5867.74019 19.925 0.099
5868.84166 19.730 0.068
5869.80716 19.807 0.072
5870.74697 19.537 0.064
5871.73306 19.858 0.080
5872.74243 19.700 0.069
5873.73765 19.653 0.080
5874.77120 20.099 0.128
5875.70714 19.663 0.093
5878.76378 20.102 0.192
5879.69219 19.620 0.108
5880.74365 19.417 0.084
5881.73021 19.814 0.082
5882.76100 19.778 0.087
5883.76494 19.652 0.100
5885.69624 19.712 0.124
5886.73232 19.751 0.124
5887.80469 19.413 0.053
5888.79336 19.926 0.099
5889.83553 19.709 0.092
5890.76905 19.594 0.074
5891.72775 19.858 0.093
5892.74550 19.912 0.091
5893.76360 19.667 0.075
5894.78707 19.922 0.083
5895.80416 20.051 0.119
5896.78722 19.700 0.077
5897.73403 19.616 0.068
5898.71620 19.938 0.093
5899.77539 19.859 0.089
5900.72501 19.611 0.070
5901.77432 20.044 0.125
5902.72557 19.911 0.158
5903.78076 19.653 0.092
5904.75538 20.186 0.133
5905.72941 19.857 0.116
5906.74130 19.715 0.118
5907.71937 19.533 0.087
5908.74468 20.138 0.148
5909.78921 19.731 0.092
5910.70200 19.644 0.078
5911.73382 19.927 0.093
5912.75429 19.827 0.078
5913.72628 19.578 0.056
5914.74888 19.956 0.079
5915.70593 19.894 0.069
5916.75977 19.689 0.063
5917.72343 19.578 0.054
5922.74047 19.795 0.064
5923.71671 19.653 0.054
5924.69801 20.057 0.096
5925.71205 19.757 0.083
5926.72384 19.729 0.074
5927.72285 19.431 0.063
5929.69701 19.665 0.076
5931.66351 19.961 0.117
5932.66076 19.922 0.103
5933.71121 19.509 0.079
5934.70726 20.124 0.122
5936.65239 19.596 0.096
5937.68210 19.654 0.075
5938.68290 19.961 0.110
5939.72665 19.777 0.088
5940.76259 19.701 0.088
5941.76254 20.196 0.129
5942.78734 19.901 0.091
5943.74476 19.584 0.075
5944.73765 19.593 0.055
5945.71791 19.813 0.068
5946.65777 19.776 0.071
5946.77413 19.722 0.101
5947.72473 19.491 0.073
5948.71354 19.954 0.107
5949.72972 19.996 0.099
5950.65071 19.385 0.047
5951.67608 19.941 0.091
5952.70068 19.840 0.068
5953.69863 19.578 0.069
5954.69616 19.845 0.056
5955.71878 19.948 0.096
5956.71884 19.650 0.067
5958.73603 20.045 0.112
5959.70801 19.747 0.077
5960.71005 19.694 0.071
5961.64177 19.884 0.079
5962.64269 19.848 0.137
5963.60940 19.704 0.135
5964.62137 19.972 0.151
5965.62031 19.913 0.114
5967.64246 19.519 0.098
5968.64256 19.815 0.112
5969.61858 19.721 0.070
5970.59607 19.489 0.059
5971.68895 20.008 0.083
5972.67533 19.757 0.073
5973.65839 19.700 0.056
5974.61345 19.742 0.094
5976.64758 19.804 0.092
5977.68115 19.510 0.068
5978.65758 19.811 0.076
5979.60775 19.759 0.083
5980.62342 19.413 0.056
5981.64690 20.044 0.107
5982.65280 19.819 0.093
5983.69544 19.565 0.056
5984.63446 20.009 0.092
5985.66680 19.953 0.133
5986.59657 19.531 0.059
5987.67204 19.452 0.067
5988.63852 20.095 0.123
5989.60245 19.622 0.077
5990.59597 19.441 0.115
5991.67099 20.227 0.181
5993.58812 19.497 0.082
5994.53128 19.902 0.147
5994.58679 20.102 0.158
5994.67618 19.585 0.096
5995.52628 19.552 0.083
5995.63451 19.922 0.149
5995.67544 20.003 0.177
5996.51004 19.501 0.069
5996.60457 19.495 0.100
5996.65397 19.739 0.131
5997.50765 19.918 0.093
5997.60677 19.420 0.081
5997.66206 19.466 0.082
5998.51776 19.820 0.131
5998.60511 19.795 0.098
5998.66551 20.045 0.124
5999.53425 19.576 0.059
5999.64584 19.771 0.084
6000.49456 20.194 0.255
6000.62121 19.459 0.063
6000.65795 19.489 0.065
6001.49929 19.838 0.116
6001.61270 19.973 0.121
6002.58492 19.829 0.087
6003.55102 19.558 0.082
6004.61143 19.981 0.115
6005.57910 19.808 0.085
6006.57843 19.641 0.073
6007.57677 19.590 0.060
6008.61122 19.777 0.075
6009.55236 19.511 0.090
6010.60443 19.564 0.088
6010.60790 19.425 0.080
6011.56669 19.788 0.090
6012.56578 19.947 0.121
6013.54752 19.523 0.070
6014.56646 20.236 0.130
6015.56183 19.852 0.088
6016.60247 19.680 0.071
6017.56566 19.624 0.080
6018.52105 19.885 0.118
6019.56907 19.632 0.097
6020.59158 19.464 0.073
6021.57932 19.933 0.158
6022.59081 19.961 0.136
6023.56487 19.673 0.089
6024.58770 20.050 0.162
6025.58772 19.791 0.135
6026.53401 19.555 0.131
6028.57075 19.815 0.117
6031.51612 19.836 0.140
6033.49621 19.473 0.089
6034.50180 19.841 0.108
6035.52719 19.859 0.105
6036.50401 19.524 0.079
6037.50371 20.039 0.169
6039.50209 19.582 0.110
6040.50440 19.563 0.090
6047.47903 20.011 0.142
6049.50108 19.889 0.100
6050.47667 19.636 0.115
6052.49234 19.631 0.108
6053.48938 19.430 0.099
6055.49798 19.808 0.129
6056.48496 19.748 0.104
6057.49091 20.181 0.139
6058.48851 19.794 0.097
6059.48217 19.960 0.121
6060.48492 19.370 0.087
6061.47604 20.090 0.177
6062.47009 19.479 0.089
6123.91929 19.477 0.060
6158.93027 19.827 0.111
6164.90457 19.823 0.102
6165.91709 19.832 0.093
6171.88289 19.823 0.084
6174.90873 19.694 0.120
6179.90889 19.687 0.099
6180.86145 19.676 0.103
6181.87565 19.758 0.069
6182.88018 19.772 0.070
6183.88189 19.440 0.043
6184.90844 19.889 0.084
6185.85816 19.911 0.076
6186.85964 19.460 0.058
6191.88524 19.898 0.065
6193.87251 19.571 0.059
6194.88948 20.139 0.096
6196.87494 19.539 0.061
6199.82391 19.546 0.100
6202.83138 19.865 0.136
6204.86650 19.964 0.091
6207.87935 20.060 0.137
6210.87804 19.509 0.071
6212.83083 19.627 0.070
6214.88201 20.146 0.182
6215.86981 19.787 0.112
6216.82866 19.677 0.059
6219.81365 19.623 0.075
6221.82694 19.925 0.104
6222.82785 19.715 0.084
6223.78496 19.592 0.069
6224.85054 19.881 0.080
6225.73253 19.564 0.087
6226.74491 19.491 0.075
6229.78745 19.629 0.091
6230.73133 19.732 0.118
6231.75614 19.834 0.110
6232.82211 19.575 0.062
6233.82864 19.577 0.058
6234.83251 19.978 0.085
6235.77990 19.828 0.089
6236.79747 19.748 0.075
6237.87349 19.512 0.103
6239.80526 19.706 0.075
6240.84852 19.403 0.065
6241.80217 19.914 0.088
6242.84510 19.758 0.063
6243.81347 19.599 0.070
6244.74692 19.862 0.077
6245.77074 19.771 0.071
6248.78747 19.832 0.083
6251.77809 19.843 0.067
6254.78800 19.880 0.070
6257.81637 20.250 0.152
6262.74012 19.562 0.062
6265.81213 19.888 0.070
6270.82811 19.432 0.062
6274.81975 20.004 0.081
6278.76682 19.776 0.084
6282.78965 19.779 0.071
6286.72292 19.578 0.064
6289.79225 19.919 0.102
6294.81416 20.061 0.104
6299.77069 19.621 0.073
6306.71084 19.658 0.075
6312.68525 19.718 0.072
6317.69640 20.000 0.097
6323.66962 19.504 0.067
6329.62885 19.735 0.091
6333.61969 19.792 0.084
6340.63186 19.870 0.073
6342.66092 19.791 0.091
6343.55706 20.070 0.147
6343.57565 19.955 0.109
6344.58701 20.008 0.084
6347.60194 19.781 0.091
6348.58749 19.878 0.112
6349.59420 19.428 0.074
6350.62836 19.756 0.114
6356.61938 19.562 0.062
6363.53683 19.902 0.097
6370.53397 20.025 0.112
6371.55947 19.924 0.091
6372.61022 19.852 0.082
6378.54255 19.893 0.098
6387.53480 19.951 0.095
6396.54063 19.542 0.065
6416.50181 19.632 0.084
6508.94118 19.768 0.223
6547.87032 19.949 0.073
6571.84517 19.822 0.063
6577.88575 19.884 0.075
6608.83220 19.875 0.068
6616.73025 20.042 0.095
6622.78422 19.691 0.065
6628.81187 19.841 0.069
6638.73764 19.802 0.063
6645.73519 19.738 0.078
6649.74213 19.612 0.067
6654.76225 19.907 0.072
6658.78106 19.820 0.056
6662.77068 19.832 0.094
6667.80307 19.929 0.117
6680.76989 19.860 0.094
6685.60079 19.669 0.070
6687.70046 20.096 0.114
6688.63346 19.903 0.096
6689.65724 19.578 0.059
6690.65253 19.884 0.068
6691.68247 19.850 0.069
6692.70444 19.600 0.050
6693.65248 20.192 0.097
6694.69634 19.980 0.070
6695.64145 19.629 0.056
6696.62902 20.041 0.096
6697.68709 20.025 0.075
6698.68745 19.919 0.136
6699.52747 20.121 0.104
6700.56083 19.768 0.076
6701.54847 19.720 0.095
6701.68826 19.873 0.089
6702.55854 19.510 0.090
6702.68685 19.598 0.100
6703.56915 20.057 0.148
6705.55867 19.609 0.057
6705.67645 19.816 0.100
6706.63584 19.615 0.057
6707.64855 19.707 0.072
6708.63842 19.571 0.060
6709.63278 19.477 0.054
6710.64215 19.967 0.082
6711.62911 19.833 0.070
6712.57972 19.510 0.048
6722.60449 19.519 0.056
6736.61575 19.625 0.107
6871.92515 19.761 0.087
6887.92303 20.004 0.096
6896.89380 20.215 0.123
6907.87656 19.861 0.091
6926.80565 19.873 0.077
6932.81429 19.524 0.063
6938.79973 19.628 0.088
6942.79721 19.345 0.056
6950.84802 19.982 0.073
6956.85084 19.809 0.082
6961.84545 19.711 0.069
6967.71687 19.673 0.128
6973.72236 19.999 0.090
6980.75931 19.901 0.075
6987.79028 19.830 0.107
6992.76244 19.499 0.055
6997.76821 19.731 0.094
7002.71203 19.552 0.064
7007.72335 19.966 0.100
7013.67673 20.098 0.118
7016.78242 19.793 0.070
7020.78661 19.906 0.095
7024.76022 19.794 0.080
7028.71341 19.574 0.070
7032.76778 19.590 0.065
7037.74314 20.052 0.092
7042.74073 19.551 0.049
7046.74192 19.855 0.081
7051.73248 19.854 0.071
7056.67289 19.972 0.136
7062.66461 19.436 0.058
7063.66028 19.917 0.112
7064.72370 19.908 0.097
7065.70877 19.815 0.102
7066.70444 20.007 0.102
7067.69813 20.147 0.115
7068.67397 19.651 0.056
7069.66077 19.671 0.074
7069.68359 19.624 0.069
7070.71922 19.863 0.071
7071.72546 19.881 0.084
7072.70615 19.587 0.097
7074.67195 19.867 0.125
7075.65176 19.698 0.091
7076.65689 19.940 0.113
7077.63574 19.642 0.071
7078.63559 19.630 0.100
7080.58822 19.903 0.089
7083.61499 19.937 0.094
7086.62312 19.939 0.122
7091.60396 19.629 0.077
7103.57196 19.932 0.071
7110.50848 19.994 0.103
7111.53144 19.540 0.075
7112.52945 19.945 0.120
7113.52461 19.809 0.100
7114.53337 19.703 0.076
7115.52767 19.566 0.074
7115.57885 19.575 0.080
7117.54457 19.739 0.083
7118.51766 19.439 0.064
7119.50458 19.874 0.120
7126.52790 19.838 0.079
7131.53246 19.741 0.093
7134.50272 19.768 0.098
7137.53264 19.853 0.095
7143.49729 19.748 0.127
7277.90426 19.944 0.144
7287.90439 20.003 0.171
7292.83697 20.190 0.158
7294.80069 19.651 0.076
7297.79889 19.659 0.082
7304.87832 19.688 0.069
7312.79572 20.188 0.123
7319.77738 20.031 0.158
7322.75003 20.193 0.150
7327.85274 19.608 0.107
7339.76112 19.978 0.068
7345.71967 20.000 0.099
7354.79650 19.759 0.085
7361.81935 19.738 0.079
7366.69191 19.884 0.081
7373.84524 19.829 0.084
7377.81717 19.841 0.074
7382.71540 19.972 0.129
7385.72885 19.571 0.072
7390.75067 19.811 0.063
7399.75528 20.087 0.150
7404.74488 19.888 0.077
7408.71800 19.676 0.071
7410.71939 20.152 0.151
7413.68210 19.840 0.111
7416.68902 19.784 0.076
7424.63143 19.578 0.055
7427.66705 19.704 0.067
7431.65789 19.587 0.059
7435.65118 19.602 0.063
7439.65726 19.882 0.105
7443.62860 19.892 0.075
7449.63431 19.887 0.089
7453.60874 19.731 0.075
7462.62344 19.839 0.062
7466.57092 19.843 0.107
7472.57769 20.110 0.133
7476.53340 19.786 0.075
7488.48721 19.842 0.091
7499.51033 19.809 0.108
7507.48254 19.655 0.072
